[0.   1.39 1.37 1.36 1.35 1.34 1.48 1.48 1.47 1.48 1.49 1.5  1.5  1.52
 1.53 1.54 1.56 1.59 1.62 1.64 1.68 1.71 1.77 1.83 0.97 1.09 0.   0.  ]
[0.   1.39 1.37 1.36 1.35 1.34 1.48 1.48 1.47 1.48 1.49 1.5  1.5  1.52
 1.53 1.54 1.56 1.59 1.62 1.64 1.68 1.71 1.77 1.83 0.97 1.09 0.   0.  ]
[0.   1.39 1.37 1.36 1.35 1.34 1.48 1.48 1.48 1.48 1.48 1.5  1.5  1.52
 1.53 1.54 1.57 1.59 1.62 1.63 1.68 1.71 1.76 1.83 0.97 1.09 0.   0.  ]
[0.   1.38 1.37 1.35 1.34 1.34 1.48 1.47 1.47 1.47 1.48 1.49 1.5  1.51
 1.52 1.54 1.56 1.58 1.61 1.63 1.67 1.71 1.76 1.83 0.98 1.08 0.   0.  ]
[0.   1.38 1.36 1.34 1.34 1.33 1.47 1.47 1.47 1.46 1.47 1.48 1.49 1.5
 1.51 1.52 1.55 1.56 1.59 1.62 1.66 1.7  1.73 1.82 0.98 1.08 0.   0.  ]
[0.   1.38 1.36 1.34 1.33 1.32 1.46 1.46 1.46 1.46 1.47 1.47 1.48 1.5
 1.51 1.52 1.54 1.56 1.59 1.61 1.65 1.69 1.73 1.8  0.98 1.08 0.   0.  ]
[0.   1.37 1.35 1.34 1.32 1.32 1.31 1.45 1.45 1.46 1.46 1.47 1.48 1.48
 1.5  1.51 1.53 1.55 1.58 1.6  1.64 1.67 1.72 1.78 1.   1.07 0.   0.  ]
[0.   1.36 1.34 1.33 1.32 1.31 1.3  1.45 1.45 1.45 1.45 1.46 1.46 1.48
 1.49 1.5  1.52 1.54 1.57 1.6  1.63 1.67 1.7  1.76 1.01 1.07 0.   0.  ]
[0.   1.36 1.34 1.33 1.31 1.3  1.29 1.44 1.44 1.44 1.45 1.45 1.46 1.47
 1.48 1.49 1.51 1.54 1.57 1.58 1.62 1.65 1.7  1.75 1.01 1.06 0.   0.  ]
[0.   1.35 1.33 1.32 1.3  1.3  1.29 1.44 1.43 1.43 1.43 1.44 1.45 1.46
 1.47 1.49 1.51 1.53 1.55 1.58 1.61 1.64 1.69 1.74 1.03 1.06 0.   0.  ]
[0.   1.34 1.33 1.31 1.3  1.29 1.29 1.43 1.42 1.43 1.43 1.44 1.45 1.46
 1.47 1.48 1.5  1.52 1.54 1.57 1.6  1.64 1.68 1.73 1.03 1.06 0.   0.  ]
[0.   1.33 1.31 1.3  1.28 1.28 1.27 1.42 1.42 1.41 1.42 1.42 1.43 1.45
 1.45 1.47 1.49 1.51 1.53 1.56 1.59 1.62 1.67 1.71 1.04 1.05 0.   0.  ]
[0.   1.32 1.31 1.3  1.28 1.27 1.25 1.41 1.41 1.41 1.41 1.42 1.43 1.44
 1.45 1.47 1.48 1.5  1.52 1.55 1.58 1.61 1.66 1.71 1.04 1.05 0.   0.  ]
[0.   1.32 1.31 1.29 1.28 1.27 0.   1.41 1.4  1.41 1.41 1.41 1.42 1.43
 1.44 1.45 1.47 1.49 1.52 1.54 1.58 1.61 1.64 1.7  1.05 1.04 0.   0.  ]
[0.   1.32 1.3  1.29 1.27 1.27 1.26 1.4  1.4  1.4  1.4  1.41 1.42 1.43
 1.44 1.45 1.47 1.49 1.51 1.54 1.57 1.6  1.64 1.69 1.06 1.04 0.   0.  ]
[0.   1.32 1.3  1.29 1.27 1.27 1.24 1.4  1.4  1.4  1.4  1.41 1.42 1.42
 1.44 1.45 1.46 1.48 1.51 1.53 1.57 1.6  1.64 1.68 1.06 1.04 0.   0.  ]
[0.   1.31 1.29 1.27 1.26 1.26 1.25 1.39 1.39 1.39 1.39 1.4  1.4  1.42
 1.42 1.44 1.46 1.48 1.5  1.52 1.56 1.59 1.63 1.68 1.07 1.04 0.   0.  ]
[0.   1.31 1.29 1.27 1.26 1.25 1.25 1.39 1.38 1.39 1.39 1.39 1.4  1.41
 1.42 1.44 1.45 1.47 1.5  1.52 1.55 1.59 1.62 1.67 1.07 1.04 0.   0.  ]
[0.   1.3  1.28 1.26 1.25 1.25 1.24 1.39 1.38 1.38 1.38 1.39 1.39 1.4
 1.42 1.43 1.44 1.47 1.49 1.51 1.54 1.57 1.61 1.65 1.08 1.03 0.   0.  ]
[0.   1.29 1.27 1.25 1.25 1.24 1.23 1.37 1.37 1.36 1.37 1.38 1.38 1.39
 1.4  1.42 1.43 1.45 1.47 1.5  1.52 1.56 1.59 1.65 1.09 1.03 0.   0.  ]
[0.   1.29 1.27 1.25 1.24 1.23 1.23 1.37 1.37 1.36 1.37 1.38 1.38 1.39
 1.4  1.41 1.43 1.45 1.47 1.5  1.52 1.56 1.59 1.64 1.09 1.03 0.   0.  ]
[0.   1.28 1.26 1.25 1.23 1.23 1.22 1.36 1.36 1.36 1.36 1.37 1.37 1.38
 1.39 1.4  1.42 1.44 1.46 1.48 1.52 1.55 1.58 1.63 1.1  1.02 0.   0.  ]
[0.   1.26 1.25 1.23 1.22 1.21 1.34 1.36 1.35 1.35 1.36 1.36 1.37 1.38
 1.39 1.4  1.42 1.44 1.46 1.49 1.52 1.55 1.59 1.64 1.11 1.02 0.   0.  ]
[0.   1.24 1.22 1.22 1.21 1.36 1.34 1.32 1.35 1.35 1.36 1.37 1.38 1.39
 1.4  1.42 1.44 1.47 1.5  1.52 1.56 1.6  1.65 1.7  1.06 1.01 0.   0.  ]
[0.   1.22 1.21 1.21 1.35 1.35 1.34 1.32 1.35 1.35 1.36 1.37 1.38 1.4
 1.42 1.44 1.46 1.48 1.52 1.55 1.59 1.64 1.7  1.64 1.06 1.01 0.   0.  ]
[0.   1.21 1.2  1.34 1.34 1.34 1.34 1.32 1.35 1.35 1.37 1.38 1.39 1.41
 1.43 1.45 1.47 1.51 1.54 1.58 1.63 1.67 1.66 1.58 1.01 1.01 0.   0.  ]
[0.   1.2  1.19 1.34 1.34 1.34 1.34 1.32 1.35 1.36 1.37 1.38 1.4  1.42
 1.44 1.47 1.5  1.53 1.57 1.6  1.66 1.67 1.6  1.53 1.01 1.01 0.   0.  ]
[0.   1.19 1.33 1.33 1.33 1.33 1.34 1.32 1.35 1.36 1.38 1.4  1.42 1.44
 1.47 1.49 1.53 1.56 1.61 1.66 1.66 1.59 1.52 1.47 0.96 1.01 0.   0.  ]
[0.   1.18 1.33 1.32 1.32 1.32 1.32 1.32 1.35 1.35 1.37 1.38 1.4  1.43
 1.45 1.47 1.51 1.54 1.59 1.63 1.68 1.59 1.53 1.47 0.92 1.   0.   0.  ]
[0.   1.18 1.31 1.32 1.31 1.32 1.32 1.32 1.35 1.35 1.36 1.38 1.4  1.42
 1.44 1.47 1.51 1.54 1.58 1.63 1.66 1.59 1.52 1.47 0.93 1.   0.   0.  ]
[0.   3.5  3.5  3.5  3.5  3.5  3.5  3.5  3.5  3.5  3.5  3.5  3.5  3.5
 3.5  3.5  3.5  3.43 3.04 2.58 2.27 2.06 3.5  3.5  0.21 3.16 0.   0.  ]
[0.   3.5  3.5  3.5  3.5  3.5  3.5  3.5  3.5  3.5  3.5  3.5  3.5  3.5
 3.5  3.5  3.5  3.39 3.04 2.6  2.27 2.06 3.5  3.5  0.21 3.16 0.   0.  ]
[0.   3.5  3.5  3.5  3.5  3.5  3.5  3.5  3.5  3.5  3.5  3.5  3.5  3.5
 3.5  3.5  3.5  3.39 3.07 2.6  2.27 2.06 3.5  3.5  0.21 3.16 0.   0.  ]
[0.   3.5  3.5  3.5  3.5  3.5  3.5  3.5  3.5  3.5  3.5  3.5  3.5  3.5
 3.5  3.5  3.5  3.39 3.04 2.6  2.27 2.06 3.5  3.5  0.21 3.16 0.   0.  ]
[0.   3.5  3.5  3.5  3.5  3.5  3.5  3.5  3.5  3.5  3.5  3.5  3.5  3.5
 3.5  3.5  3.5  3.39 3.07 2.58 2.27 2.06 3.5  3.5  0.21 3.16 0.   0.  ]
[0.   3.5  3.5  3.5  3.5  3.5  3.5  3.5  3.5  3.5  3.5  3.5  3.5  3.5
 3.5  3.5  3.5  3.39 3.07 2.58 2.27 2.06 3.5  3.5  0.21 3.16 0.   0.  ]
[0.   3.5  3.5  3.5  3.5  3.5  3.5  3.5  3.5  3.5  3.5  3.5  3.5  3.5
 3.5  3.5  3.5  3.39 3.04 2.58 2.27 2.05 3.5  3.5  0.22 3.15 0.   0.  ]
[0.   3.5  3.5  3.5  3.5  3.5  3.5  3.5  3.5  3.5  3.5  3.5  3.5  3.5
 3.5  3.5  3.5  3.39 3.04 2.58 2.27 2.04 3.5  3.5  0.22 3.14 0.   0.  ]
[0.   3.5  3.5  3.5  3.5  3.5  3.5  3.5  3.5  3.5  3.5  3.5  3.5  3.5
 3.5  3.5  3.5  3.39 3.01 2.6  2.27 2.04 3.5  3.5  0.22 3.14 0.   0.  ]
[0.   3.5  3.5  3.5  3.5  3.5  3.5  3.5  3.5  3.5  3.5  3.5  3.5  3.5
 3.5  3.5  3.5  3.39 3.07 2.6  2.29 2.03 0.   3.5  0.22 3.13 0.   0.  ]
[0.   3.5  3.5  3.5  3.5  3.5  3.5  3.5  3.5  3.5  3.5  3.5  3.5  3.5
 3.5  3.5  3.5  3.5  3.24 2.85 2.47 2.18 2.05 3.5  0.22 3.13 0.   0.  ]
[0.   3.5  3.5  3.5  3.5  3.5  3.5  3.5  3.5  3.5  3.5  3.5  3.5  3.5
 3.5  3.5  3.5  3.5  3.21 2.83 2.46 2.17 2.05 3.5  0.24 3.12 0.   0.  ]
[0.   3.5  3.5  3.5  3.5  3.5  3.5  3.5  3.5  3.5  3.5  3.5  3.5  3.5
 3.5  3.5  3.5  3.5  3.21 2.83 2.46 2.17 2.04 3.5  0.24 3.11 0.   0.  ]
[0.   3.5  3.5  3.5  3.5  3.5  3.5  3.5  3.5  3.5  3.5  3.5  3.5  3.5
 3.5  3.5  3.5  3.5  3.21 2.85 2.46 2.17 2.03 3.5  0.24 3.11 0.   0.  ]
[0.   3.5  3.5  3.5  3.5  3.5  3.5  3.5  3.5  3.5  3.5  3.5  3.5  3.5
 3.5  3.5  3.5  3.5  3.3  3.02 2.56 2.26 2.02 3.5  0.24 3.11 0.   0.  ]
[0.   3.5  3.5  3.5  3.5  3.5  3.5  3.5  3.5  3.5  3.5  3.5  3.5  3.5
 3.5  3.5  3.5  3.5  3.5  3.18 2.8  2.44 2.14 2.02 0.28 3.1  0.   0.  ]
[0.   3.5  3.5  3.5  3.5  3.5  3.5  3.5  3.5  3.5  3.5  3.5  3.5  3.5
 3.5  3.5  3.5  3.5  3.5  3.18 2.85 2.46 2.17 2.   0.29 3.09 0.   0.  ]
[0.   3.5  3.5  3.5  3.5  3.5  3.5  3.5  3.5  3.5  3.5  3.5  3.5  3.5
 3.5  3.5  3.5  3.5  3.5  3.16 2.82 2.46 2.14 2.01 0.29 3.09 0.   0.  ]
[0.   3.5  3.5  3.5  3.5  3.5  3.5  3.5  3.5  3.5  3.5  3.5  3.5  3.5
 3.5  3.5  3.5  3.5  3.5  3.16 2.85 2.46 2.16 1.99 0.29 3.08 0.   0.  ]
[0.   3.5  3.5  0.   3.5  3.5  3.5  3.5  3.5  3.5  3.5  3.5  3.5  3.5
 3.5  3.5  3.5  3.5  3.5  3.16 2.85 2.46 2.17 1.98 0.29 3.08 0.   0.  ]
[0.   3.5  3.5  3.5  3.5  3.5  3.5  3.5  3.5  3.5  3.5  3.5  3.5  3.5
 3.5  3.5  3.5  3.5  3.5  3.16 2.85 2.46 2.17 1.97 0.29 3.07 0.   0.  ]
[0.   3.5  3.5  3.5  3.5  3.5  3.5  3.5  3.5  3.5  3.5  3.5  3.5  3.5
 3.5  3.5  3.5  3.5  3.5  3.16 2.85 2.46 2.17 1.96 0.29 3.06 0.   0.  ]
[0.   3.5  3.5  3.5  3.5  3.5  3.5  3.5  3.5  3.5  3.5  3.5  3.5  3.5
 3.5  3.5  3.5  3.5  3.5  3.16 2.85 2.46 2.18 1.96 0.29 3.06 0.   0.  ]
[0.   3.5  3.5  3.5  3.5  3.5  3.5  3.5  3.5  3.5  3.5  3.5  3.5  3.5
 3.5  3.5  3.5  3.5  3.5  3.16 2.87 2.48 2.18 1.96 0.29 3.05 0.   0.  ]
[0.   3.5  3.5  3.5  3.5  3.5  3.5  3.5  3.5  3.5  3.5  3.5  3.5  3.5
 3.5  3.5  3.5  3.5  3.5  3.18 2.87 2.48 2.18 1.96 0.29 3.05 0.   0.  ]
[0.   3.5  3.5  3.5  3.5  3.5  3.5  3.5  3.5  3.5  3.5  3.5  3.5  3.5
 3.5  3.5  3.5  3.5  3.5  3.18 2.87 2.5  2.18 1.96 0.29 3.04 0.   0.  ]
[0.   3.5  3.5  3.5  3.5  3.5  3.5  3.5  3.5  3.5  3.5  3.5  3.5  3.5
 3.5  3.5  3.5  3.5  3.5  3.18 2.87 2.5  2.19 1.96 0.29 3.03 0.   0.  ]
[0.   3.5  3.5  3.5  3.5  3.5  3.5  3.5  3.5  3.5  3.5  3.5  3.5  3.5
 3.5  3.5  3.5  3.5  3.15 2.83 2.46 2.17 1.94 1.97 0.28 3.03 0.   0.  ]
[0.   3.5  3.5  3.5  3.5  3.5  3.5  3.5  3.5  3.5  3.5  3.5  3.5  3.5
 3.5  3.5  3.5  3.33 3.01 2.58 2.27 2.03 1.96 3.5  0.22 3.02 0.   0.  ]
[0.   3.5  3.5  3.5  3.5  3.5  3.5  3.5  3.5  3.5  3.5  3.5  3.5  3.5
 3.5  3.5  3.5  3.3  2.99 2.56 2.24 2.01 1.95 3.5  0.22 3.01 0.   0.  ]
[0.   3.5  3.5  3.5  3.5  3.5  3.5  3.5  3.5  3.5  3.5  3.5  3.5  3.5
 3.5  3.5  3.5  3.3  2.96 2.55 2.24 2.01 1.95 3.5  0.22 3.   0.   0.  ]
[0.   3.5  3.5  3.5  3.5  3.5  3.5  3.5  3.5  3.5  3.5  3.5  3.5  3.5
 3.5  3.5  3.5  3.3  2.99 2.56 2.24 2.01 1.95 3.5  0.22 3.   0.   0.  ]
[0.   3.5  3.5  3.5  3.5  3.5  3.5  3.5  3.5  3.5  3.5  3.5  3.5  3.5
 3.5  3.5  3.5  3.3  2.99 2.56 2.24 2.01 1.94 3.5  0.22 3.   0.   0.  ]
[0.   3.5  3.5  3.5  3.5  3.5  3.5  3.5  3.5  3.5  3.5  3.5  3.5  3.5
 3.5  3.5  3.5  3.27 2.96 2.55 2.24 2.01 1.93 3.5  0.22 2.99 0.   0.  ]
[0.   3.5  3.5  3.5  3.5  3.5  3.5  3.5  3.5  3.5  3.5  3.5  3.5  3.5
 3.5  3.5  3.5  3.3  2.99 2.55 2.24 2.01 1.93 3.5  0.22 2.98 0.   0.  ]
[0.   3.5  3.5  3.5  3.5  3.5  3.5  3.5  3.5  3.5  3.5  3.5  3.5  3.5
 3.5  3.5  3.5  3.27 2.96 2.55 2.24 2.   1.91 3.5  0.22 2.97 0.   0.  ]
[0.   3.5  3.5  3.5  3.5  3.5  3.5  3.5  3.5  3.5  3.5  3.5  3.5  3.5
 3.5  3.5  3.5  3.27 2.96 2.55 2.23 2.   1.9  3.5  0.22 2.96 0.   0.  ]
[0.   3.5  3.5  3.5  3.5  3.5  3.5  3.5  3.5  3.5  3.5  3.5  3.5  3.5
 3.5  3.5  3.5  3.27 2.94 2.55 2.23 2.   1.9  3.5  0.22 2.96 0.   0.  ]
[0.   3.5  3.5  3.5  3.5  3.5  3.5  3.5  3.5  3.5  3.5  3.5  3.5  3.5
 3.5  3.5  3.5  3.24 2.94 2.53 2.23 2.   1.88 3.5  0.22 2.95 0.   0.  ]
[0.   3.5  3.5  3.5  3.5  3.5  3.5  3.5  3.5  3.5  3.5  3.5  3.5  3.5
 3.5  3.5  3.5  3.24 2.94 2.53 2.23 1.99 1.87 3.5  0.22 2.94 0.   0.  ]
[0.   3.5  3.5  3.5  3.5  3.5  3.5  3.5  3.5  3.5  3.5  3.5  3.5  3.5
 3.5  3.5  3.5  3.21 2.91 2.51 2.22 1.99 1.86 3.5  0.22 2.94 0.   0.  ]
[0.   3.5  3.5  3.5  3.5  3.5  3.5  3.5  3.5  3.5  3.5  3.5  3.5  3.5
 3.5  3.5  3.5  3.21 2.91 2.53 2.22 1.98 1.86 3.5  0.22 2.93 0.   0.  ]
[0.   3.5  3.5  3.5  3.5  3.5  3.5  3.5  3.5  3.5  3.5  3.5  3.5  3.5
 3.5  3.5  3.5  3.21 2.91 2.51 2.22 1.98 1.86 3.5  0.22 2.92 0.   0.  ]
[0.   3.5  3.5  3.5  3.5  3.5  3.5  3.5  3.5  3.5  3.5  3.5  3.5  3.5
 3.5  3.5  3.5  3.21 2.94 2.51 2.23 1.99 1.84 3.5  0.22 2.92 0.   0.  ]
[0.   3.5  3.5  3.5  3.5  3.5  3.5  3.5  3.5  3.5  3.5  3.5  3.5  3.5
 3.5  3.5  3.5  3.21 2.91 2.51 2.23 1.98 1.83 3.5  0.22 2.91 0.   0.  ]
[0.   3.5  3.5  3.5  3.5  3.5  3.5  3.5  3.5  3.5  3.5  3.5  3.5  3.5
 3.5  3.5  3.5  3.18 2.91 2.51 2.22 1.98 1.83 3.5  0.22 2.9  0.   0.  ]
[0.   3.5  3.5  3.5  3.5  3.5  3.5  3.5  3.5  3.5  3.5  3.5  3.5  3.5
 3.5  3.5  3.5  3.21 2.91 2.51 2.2  1.98 1.82 3.5  0.22 2.9  0.   0.  ]
[0.   3.5  3.5  3.5  3.5  3.5  3.5  3.5  3.5  3.5  3.5  3.5  3.5  3.5
 3.5  3.5  3.5  3.18 2.91 2.51 2.22 1.98 1.81 3.5  0.22 2.89 0.   0.  ]
[0.   3.5  3.5  3.5  3.5  3.5  3.5  3.5  3.5  3.5  3.5  3.5  3.5  3.5
 3.5  3.5  3.5  3.18 2.89 2.49 2.2  1.98 1.8  3.5  0.22 2.88 0.   0.  ]
[0.   3.5  3.5  3.5  3.5  3.5  3.5  3.5  3.5  3.5  3.5  3.5  3.5  3.5
 3.5  3.5  3.5  3.18 2.89 2.51 2.2  1.97 1.79 0.   0.22 2.87 0.   0.  ]
[0.   3.5  3.5  3.5  3.5  3.5  3.5  3.5  3.5  3.5  3.5  3.5  3.5  3.5
 3.5  3.5  3.5  3.15 2.89 2.48 2.2  1.97 1.78 0.   0.22 2.86 0.   0.  ]
[0.   3.5  3.5  3.5  3.5  3.5  3.5  3.5  3.5  3.5  3.5  3.5  3.5  3.5
 3.5  3.5  3.5  3.15 2.89 2.49 2.19 1.97 1.78 0.   0.22 2.86 0.   0.  ]
[0.   3.5  3.5  3.5  3.5  3.5  3.5  3.5  3.5  3.5  3.5  3.5  3.5  3.5
 3.5  3.5  3.5  3.15 2.87 2.48 2.19 1.97 1.78 3.5  0.22 2.85 0.   0.  ]
[0.   3.5  3.5  3.5  3.5  3.5  3.5  3.5  3.5  3.5  3.5  3.5  3.5  3.5
 3.5  3.5  3.5  3.15 2.89 2.48 2.18 1.97 1.78 0.   0.22 2.84 0.   0.  ]
[0.   3.5  3.5  3.5  3.5  3.5  3.5  3.5  3.5  3.5  3.5  3.5  3.5  3.5
 3.5  3.5  3.5  3.12 2.87 2.48 2.19 1.97 1.78 0.   0.22 2.83 0.   0.  ]
[0.   3.5  3.5  3.5  3.5  3.5  3.5  3.5  3.5  3.5  3.5  3.5  3.5  3.5
 3.5  3.5  3.5  3.12 2.89 2.48 2.18 1.96 1.78 0.   0.22 2.83 0.   0.  ]
[0.   3.5  3.5  3.5  3.5  3.5  3.5  3.5  3.5  3.5  3.5  3.5  3.5  3.5
 3.5  3.5  3.5  3.09 2.89 2.46 2.18 1.97 1.78 0.   0.22 2.82 0.   0.  ]
[0.   3.5  3.5  3.5  3.5  3.5  3.5  3.5  3.5  3.5  3.5  3.5  3.5  3.5
 3.5  3.5  3.5  3.09 2.87 2.46 2.18 1.96 1.78 0.   0.22 2.81 0.   0.  ]
[0.   3.5  3.5  3.5  3.5  3.5  3.5  3.5  3.5  3.5  3.5  3.5  3.5  3.5
 3.5  3.5  3.5  3.09 2.87 2.46 2.18 1.96 1.77 1.77 0.22 2.8  0.   0.  ]
[0.   0.   3.5  3.5  3.5  3.5  3.5  3.5  3.5  3.5  3.5  3.5  3.5  3.5
 3.5  3.5  3.5  3.09 2.84 2.46 2.18 1.96 1.77 1.75 0.22 2.79 0.   0.  ]
[0.   0.   3.5  3.5  3.5  3.5  3.5  3.5  3.5  3.5  3.5  3.5  3.5  3.5
 3.5  3.5  3.5  3.09 2.84 2.44 2.18 1.95 1.77 1.75 0.22 2.79 0.   0.  ]
[0.   0.   3.5  3.5  3.5  3.5  3.5  3.5  3.5  3.5  3.5  3.5  3.5  3.5
 3.5  3.5  3.5  3.09 2.82 2.46 2.18 1.95 1.77 1.75 0.22 2.78 0.   0.  ]
[0.   0.   3.5  3.5  3.5  3.5  3.5  3.5  3.5  3.5  3.5  3.5  3.5  3.5
 3.5  3.5  3.5  3.06 2.82 2.44 2.18 1.95 1.77 1.74 0.22 2.77 0.   0.  ]
[0.   3.5  3.5  3.5  3.5  3.5  3.5  3.5  3.5  3.5  3.5  3.5  3.5  3.5
 3.5  3.5  3.5  3.06 2.8  2.44 2.18 1.94 1.76 1.73 0.22 2.76 0.   0.  ]
[0.   3.5  3.5  3.5  3.5  3.5  3.5  3.5  3.5  3.5  3.5  3.5  3.5  3.5
 3.5  3.5  3.5  3.06 2.82 2.44 2.18 1.94 1.76 1.72 0.22 2.76 0.   0.  ]
[0.   3.5  3.5  3.5  3.5  3.5  3.5  3.5  3.5  3.5  3.5  3.5  3.5  3.5
 3.5  3.5  3.5  3.06 2.8  2.44 2.16 1.94 1.76 1.71 0.22 2.75 0.   0.  ]
[0.   3.5  3.5  3.5  3.5  3.5  3.5  3.5  3.5  3.5  3.5  3.5  3.5  3.5
 3.5  3.5  3.5  3.06 2.8  2.43 2.16 1.94 1.75 1.71 0.22 2.74 0.   0.  ]
[0.   3.5  3.5  3.5  3.5  3.5  3.5  3.5  3.5  3.5  3.5  3.5  3.5  3.5
 3.5  3.5  3.5  3.06 2.8  2.44 2.16 1.94 1.75 1.69 0.22 2.74 0.   0.  ]
[0.   3.5  3.5  3.5  3.5  3.5  3.5  3.5  3.5  3.5  3.5  3.5  3.5  3.5
 3.5  3.5  3.5  3.04 2.8  2.43 2.16 1.93 1.75 1.68 0.22 2.73 0.   0.  ]
[0.   3.5  3.5  3.5  3.5  3.5  3.5  3.5  3.5  3.5  3.5  3.5  3.5  3.5
 3.5  3.5  3.5  3.04 2.8  2.43 2.14 1.93 1.75 1.68 0.22 2.72 0.   0.  ]
[0.   3.5  3.5  3.5  3.5  3.5  3.5  3.5  3.5  3.5  3.5  3.5  3.5  3.5
 3.5  3.5  3.47 3.01 2.8  2.41 2.15 1.93 1.75 1.66 0.22 2.72 0.   0.  ]
[0.   3.5  3.5  3.5  3.5  3.5  3.5  3.5  3.5  3.5  3.5  3.5  3.5  3.5
 3.5  3.5  3.47 3.01 2.8  2.43 2.14 1.93 1.75 1.65 0.22 2.71 0.   0.  ]
[0.   3.5  3.5  3.5  3.5  3.5  3.5  3.5  3.5  3.5  3.5  3.5  3.5  3.5
 3.5  3.5  3.47 3.01 2.8  2.41 2.14 1.93 1.75 1.64 0.22 2.7  0.   0.  ]
[0.   3.5  3.5  3.5  3.5  3.5  3.5  3.5  3.5  3.5  3.5  3.5  3.5  3.5
 3.5  3.5  3.47 3.01 2.8  2.39 2.14 1.93 1.75 1.63 0.22 2.7  0.   0.  ]
[0.   3.5  3.5  3.5  3.5  3.5  3.5  3.5  3.5  3.5  3.5  3.5  3.5  3.5
 3.5  3.5  3.47 2.99 2.78 2.39 2.14 1.92 1.75 1.62 0.22 2.69 0.   0.  ]
[0.   3.5  3.5  3.5  3.5  3.5  3.5  3.5  3.5  3.5  3.5  3.5  3.5  3.5
 3.5  3.5  3.47 2.99 2.78 2.39 2.14 1.93 1.74 1.61 0.23 2.68 0.   0.  ]
[0.   3.5  3.5  3.5  3.5  3.5  3.5  3.5  3.5  3.5  3.5  3.5  3.5  3.5
 3.5  3.5  3.44 2.99 2.78 2.39 2.12 1.92 1.74 1.6  0.23 2.67 0.   0.  ]
[0.   3.5  3.5  3.5  3.5  3.5  3.5  3.5  3.5  3.5  3.5  3.5  3.5  3.5
 3.5  3.5  3.44 2.99 2.75 2.39 2.12 1.92 1.74 1.6  0.23 2.67 0.   0.  ]
[0.   3.5  3.5  3.5  3.5  3.5  3.5  3.5  3.5  3.5  3.5  3.5  3.5  3.5
 3.5  3.5  3.44 2.99 2.73 2.39 2.12 1.92 1.74 1.6  0.23 2.66 0.   0.  ]
[0.   3.5  3.5  3.5  3.5  3.5  3.5  3.5  3.5  3.5  3.5  3.5  3.5  3.5
 3.5  3.5  3.44 2.99 2.73 2.39 2.12 1.91 1.74 1.6  0.23 2.65 0.   0.  ]
[0.   3.5  3.5  3.5  3.5  3.47 3.5  3.49 3.5  3.5  3.5  3.5  3.5  3.5
 3.5  3.5  3.4  2.96 2.73 2.38 2.12 1.9  1.73 1.6  0.23 2.64 0.   0.  ]
[0.   3.5  3.5  3.5  3.5  3.47 3.5  3.49 3.5  3.5  3.5  3.5  3.5  3.5
 3.5  3.5  3.4  2.96 2.73 2.38 2.12 1.91 1.73 1.6  0.23 2.64 0.   0.  ]
[0.   3.5  3.5  3.5  3.5  3.47 3.5  3.49 3.5  3.5  3.5  3.5  3.5  3.5
 3.5  3.5  3.4  2.94 2.73 2.38 2.12 1.91 1.73 1.59 0.23 2.63 0.   0.  ]
[0.   3.5  3.5  3.5  3.5  3.47 3.5  3.46 3.5  3.5  3.5  3.5  3.5  3.5
 3.5  3.5  3.4  2.94 2.71 2.36 2.12 1.9  1.73 1.59 0.23 2.62 0.   0.  ]
[0.   3.5  3.5  3.5  3.49 3.47 3.5  3.46 3.5  3.5  3.5  3.5  3.5  3.5
 3.5  3.5  3.37 2.94 2.71 2.38 2.11 1.9  1.73 1.59 0.23 2.61 0.   0.  ]
[0.   3.5  3.5  3.5  3.49 3.44 3.46 3.46 3.5  3.5  3.5  3.5  3.5  3.5
 3.5  3.5  3.37 2.94 2.71 2.38 2.11 1.9  1.73 1.59 0.23 2.61 0.   0.  ]
[0.   3.5  3.5  3.5  3.49 3.44 3.46 3.46 3.5  3.5  3.5  3.5  3.5  3.5
 3.5  3.5  3.4  2.94 2.71 2.38 2.11 1.9  1.72 1.59 0.23 2.6  0.   0.  ]
[0.   3.5  3.5  3.5  3.49 3.44 3.46 3.46 3.5  3.5  3.5  3.5  3.5  3.5
 3.5  3.5  3.4  2.94 2.71 2.38 2.11 1.9  1.73 1.59 0.23 2.6  0.   0.  ]
[0.   3.5  3.5  3.5  3.46 3.44 3.43 3.46 3.5  3.5  3.5  3.5  3.5  3.5
 3.5  3.5  3.3  2.89 2.67 2.33 2.07 1.88 1.71 1.57 0.23 2.59 0.   0.  ]
[0.   3.5  3.49 3.46 3.43 3.41 3.43 3.5  3.5  3.5  3.5  3.5  3.5  3.5
 3.5  3.5  2.99 2.67 2.43 2.15 1.94 1.75 1.61 1.54 0.21 2.58 0.   0.  ]
[0.   3.5  3.49 3.42 3.43 3.41 3.43 3.5  3.5  3.5  3.5  3.5  3.5  3.5
 3.5  3.48 2.99 2.67 2.43 2.15 1.93 1.75 1.61 1.53 0.19 2.57 0.   0.  ]
[0.   3.5  3.5  3.49 3.46 3.41 3.43 3.5  3.5  3.5  3.5  3.5  3.5  3.5
 3.5  3.5  3.04 2.69 2.48 2.17 1.95 1.78 1.62 1.52 0.19 2.57 0.   0.  ]
[0.   3.5  3.5  3.49 3.43 3.41 3.43 3.42 3.5  3.5  3.5  3.5  3.5  3.5
 3.5  3.5  3.27 2.86 2.65 2.33 2.07 1.86 1.7  1.57 0.22 2.56 0.   0.  ]
[0.   3.5  3.5  3.49 3.46 3.41 3.43 3.42 3.5  3.5  3.5  3.5  3.5  3.5
 3.5  3.5  3.4  2.96 2.65 2.39 2.12 1.92 1.74 1.6  0.24 2.56 0.   0.  ]
[0.   3.5  3.5  3.46 3.43 3.41 3.4  3.42 3.5  3.5  3.5  3.5  3.5  3.5
 3.5  3.5  3.37 2.94 2.63 2.38 2.11 1.9  1.73 1.59 0.23 2.55 0.   0.  ]
[0.   3.5  3.5  3.46 3.46 3.41 3.4  3.42 3.5  3.5  3.5  3.5  3.5  3.5
 3.5  3.5  3.4  2.94 2.63 2.38 2.12 1.91 1.73 1.6  0.23 2.55 0.   0.  ]
[0.   3.5  3.5  3.46 3.43 3.41 3.4  3.42 3.5  3.5  3.5  3.5  3.5  3.5
 3.5  3.5  3.4  2.94 2.63 2.38 2.12 1.91 1.73 1.6  0.24 2.54 0.   0.  ]
[0.   3.5  3.49 3.46 3.43 3.41 3.4  3.42 3.5  3.5  3.5  3.5  3.5  3.5
 3.5  3.5  3.37 2.94 2.63 2.38 2.12 1.91 1.73 1.6  0.24 2.54 0.   0.  ]
[0.   3.5  3.49 3.46 3.43 3.41 3.4  3.39 3.5  3.5  3.5  3.5  3.5  3.5
 3.5  3.5  3.37 2.94 2.61 2.36 2.11 1.89 1.73 1.59 0.24 2.53 0.   0.  ]
[0.   3.5  3.49 3.46 3.43 3.38 3.4  3.39 3.5  3.5  3.5  3.5  3.5  3.5
 3.5  3.5  3.37 2.91 2.61 2.36 2.11 1.9  1.73 1.59 0.23 2.52 0.   0.  ]
[0.   3.5  3.49 3.46 3.4  3.38 3.36 3.39 3.5  3.5  3.5  3.5  3.5  3.5
 3.5  3.5  3.34 2.91 2.61 2.36 2.1  1.9  1.72 1.58 0.24 2.51 0.   0.  ]
[0.   3.5  3.49 3.42 3.4  3.35 3.36 3.36 3.5  3.5  3.5  3.5  3.5  3.5
 3.5  3.5  3.34 2.89 2.59 2.36 2.1  1.89 1.72 1.58 0.23 2.5  0.   0.  ]
[0.   3.5  3.46 3.42 3.4  3.35 3.36 3.36 3.5  3.5  3.5  3.5  3.5  3.5
 3.5  3.5  3.34 2.89 2.57 2.36 2.1  1.89 1.72 1.58 0.24 2.49 0.   0.  ]
[0.   3.5  3.46 3.42 3.4  3.35 3.36 3.36 3.5  3.5  3.5  3.5  3.5  3.5
 3.5  3.5  3.34 2.89 2.57 2.35 2.1  1.89 1.72 1.58 0.24 2.49 0.   0.  ]
[0.   3.5  3.46 3.42 3.37 3.35 3.36 3.33 3.5  3.5  3.5  3.5  3.5  3.5
 3.5  3.5  3.3  2.89 2.57 2.36 2.09 1.89 1.72 1.58 0.24 2.49 0.   0.  ]
[0.   3.5  3.46 3.39 3.37 3.32 3.33 3.33 3.49 3.5  3.5  3.5  3.5  3.5
 3.5  3.5  3.3  2.89 2.55 2.35 2.1  1.89 1.72 1.58 0.24 2.47 0.   0.  ]
[0.   3.5  3.43 3.39 3.37 3.32 3.33 3.33 3.49 3.5  3.5  3.5  3.5  3.5
 3.5  3.5  3.3  2.89 2.55 2.35 2.09 1.89 1.72 1.58 0.24 2.47 0.   0.  ]
[0.   3.5  3.43 3.39 3.37 3.32 3.33 3.33 3.49 3.5  3.5  3.5  3.5  3.5
 3.5  3.5  3.3  2.89 2.55 2.35 2.09 1.89 1.72 1.58 0.24 2.46 0.   0.  ]
[0.   3.5  3.43 3.39 3.33 3.32 3.33 3.33 3.46 3.47 3.5  3.5  3.5  3.5
 3.5  3.5  3.27 2.86 2.54 2.35 2.09 1.88 1.71 1.58 0.24 2.45 0.   0.  ]
[0.   3.47 3.43 3.39 3.33 3.32 3.33 3.3  3.46 3.47 3.48 3.5  3.5  3.5
 3.5  3.5  3.27 2.86 2.54 2.33 2.07 1.88 1.72 1.58 0.24 2.44 0.   0.  ]
[0.   3.47 3.4  3.36 3.33 3.28 3.3  3.3  3.46 3.47 3.48 3.5  3.5  3.5
 3.5  3.5  3.27 2.86 2.54 2.33 2.07 1.88 1.71 1.57 0.24 2.43 0.   0.  ]
[0.   3.44 3.4  3.36 3.33 3.28 3.3  3.3  3.43 3.47 3.48 3.5  3.5  3.5
 3.5  3.5  3.27 2.84 2.52 2.33 2.07 1.88 1.71 1.58 0.24 2.43 0.   0.  ]
[0.   3.44 3.4  3.33 3.3  3.28 3.27 3.3  3.43 3.44 3.48 3.5  3.5  3.5
 3.5  3.5  3.27 2.86 2.52 2.31 2.07 1.87 1.71 1.57 0.24 2.42 0.   0.  ]
[0.   3.44 3.37 3.33 3.3  3.28 3.27 3.26 3.43 3.44 3.48 3.47 3.5  3.5
 3.5  3.5  3.24 2.84 2.5  2.31 2.07 1.87 1.71 1.57 0.24 2.41 0.   0.  ]
[0.   3.44 3.37 3.33 3.3  3.28 3.27 3.26 3.43 3.44 3.48 3.47 3.5  3.5
 3.5  3.5  3.24 2.84 2.5  2.33 2.07 1.87 1.71 1.57 0.24 2.41 0.   0.  ]
[0.   3.41 3.37 3.33 3.3  3.25 3.27 3.26 3.43 3.4  3.45 3.47 3.5  3.5
 3.5  3.5  3.27 2.84 2.5  2.31 2.07 1.87 1.71 1.57 0.24 2.4  0.   0.  ]
[0.   3.41 3.37 3.3  3.3  3.25 3.27 3.26 3.43 3.4  3.45 3.47 3.5  3.5
 3.5  3.5  3.24 2.84 2.5  2.33 2.07 1.87 1.7  1.57 0.24 2.39 0.   0.  ]
[0.   3.41 3.34 3.3  3.27 3.25 3.24 3.26 3.39 3.4  3.45 3.47 3.5  3.5
 3.5  3.5  3.21 2.82 2.5  2.31 2.06 1.87 1.7  1.57 0.24 2.38 0.   0.  ]
[0.   3.38 3.34 3.27 3.27 3.23 3.24 3.36 3.39 3.4  3.45 3.47 3.5  3.5
 3.5  3.5  3.04 2.69 2.46 2.2  1.98 1.79 1.64 1.52 0.24 2.37 0.   0.  ]
[0.   3.35 3.28 3.22 3.22 3.2  3.21 3.36 3.39 3.37 3.42 3.44 3.5  3.5
 3.5  3.25 2.84 2.51 2.35 2.07 1.87 1.71 1.57 1.45 0.22 2.36 0.   0.  ]
[0.   3.32 3.28 3.24 3.22 3.2  3.18 3.36 3.39 3.37 3.42 3.44 3.5  3.5
 3.5  3.25 2.84 2.51 2.35 2.07 1.87 1.71 1.57 1.47 0.2  2.35 0.   0.  ]
[0.   3.32 3.28 3.24 3.22 3.2  3.21 3.33 3.36 3.37 3.42 3.44 3.5  3.5
 3.5  3.25 2.82 2.49 2.33 2.06 1.87 1.7  1.57 1.43 0.2  2.35 0.   0.  ]
[0.   3.32 3.25 3.22 3.22 3.17 3.21 3.33 3.33 3.37 3.38 3.44 3.47 3.47
 3.5  3.25 2.82 2.49 2.33 2.06 1.87 1.7  1.56 1.45 0.2  2.33 0.   0.  ]
[0.   3.32 3.25 3.22 3.19 3.17 3.21 3.33 3.33 3.34 3.38 3.4  3.47 3.47
 3.5  3.22 2.82 2.49 2.32 2.06 1.86 1.7  1.57 1.44 0.21 2.33 0.   0.  ]
[0.   3.29 3.25 3.22 3.19 3.17 3.24 3.33 3.33 3.34 3.38 3.4  3.47 3.47
 3.5  3.19 2.75 2.46 2.3  2.04 1.84 1.68 1.55 1.43 0.21 2.32 0.   0.  ]
[0.   3.27 3.22 3.19 3.19 3.17 3.3  3.3  3.33 3.34 3.38 3.4  3.47 3.5
 3.37 2.9  2.53 2.41 2.12 1.89 1.73 1.59 1.47 1.37 0.19 2.31 0.   0.  ]
[0.   3.24 3.17 3.16 3.16 3.28 3.3  3.3  3.33 3.34 3.38 3.44 3.5  3.4
 2.94 2.59 2.41 2.15 1.94 1.75 1.61 1.48 1.38 1.29 0.17 2.31 0.   0.  ]
[0.   3.21 3.14 3.14 3.16 3.25 3.27 3.3  3.33 3.34 3.38 3.44 3.5  3.3
 2.86 2.52 2.37 2.1  1.89 1.72 1.58 1.47 1.37 1.28 0.17 2.31 0.   0.  ]
[0.   3.19 3.17 3.14 3.13 3.25 3.27 3.3  3.3  3.34 3.38 3.44 3.5  3.24
 2.79 2.48 2.31 2.07 1.86 1.7  1.56 1.44 1.35 1.28 0.12 2.3  0.   0.  ]
[0.   3.21 3.14 3.14 3.16 3.25 3.27 3.3  3.3  3.34 3.38 3.44 3.5  3.24
 2.82 2.48 2.31 2.07 1.86 1.7  1.56 1.44 1.35 1.28 0.12 2.3  0.   0.  ]
[0.   3.19 3.14 3.11 3.19 3.25 3.27 3.3  3.3  3.34 3.38 3.44 3.47 3.21
 2.77 2.46 2.3  2.05 1.85 1.68 1.55 1.44 1.34 1.27 0.12 2.29 0.   0.  ]
[0.   3.19 3.14 3.14 3.22 3.23 3.24 3.26 3.3  3.34 3.35 3.4  3.43 3.15
 2.75 2.44 2.28 2.04 1.83 1.67 1.55 1.44 1.34 1.27 0.12 2.29 0.   0.  ]
[0.   3.19 3.12 3.14 3.25 3.23 3.24 3.26 3.3  3.3  3.35 3.4  3.47 3.15
 2.73 2.43 2.25 2.02 1.83 1.67 1.54 1.42 1.33 1.26 0.12 2.28 0.   0.  ]
[0.   3.16 3.12 3.11 3.25 3.23 3.24 3.26 3.27 3.3  3.35 3.4  3.47 3.06
 2.66 2.38 2.21 1.99 1.8  1.64 1.52 1.42 1.32 1.25 0.11 2.27 0.   0.  ]
[0.   3.16 3.12 3.11 3.25 3.2  3.24 3.24 3.27 3.3  3.35 3.4  3.47 3.04
 2.64 2.36 2.19 1.97 1.79 1.63 1.5  1.38 1.31 1.25 0.11 2.26 0.   0.  ]
[0.   3.16 3.12 3.08 3.22 3.2  3.24 3.24 3.27 3.27 3.35 3.37 3.4  2.98
 2.62 2.36 2.17 1.96 1.77 1.61 1.49 1.38 1.3  1.24 0.1  2.25 0.   0.  ]
[0.   3.13 3.09 3.08 3.22 3.2  3.21 3.24 3.27 3.27 3.35 3.37 3.36 2.93
 2.56 2.35 2.13 1.93 1.74 1.6  1.47 1.38 1.29 1.24 0.1  2.24 0.   0.  ]
[0.   3.13 3.09 3.08 3.22 3.2  3.21 3.24 3.27 3.27 3.32 3.37 3.33 2.88
 2.56 2.35 2.11 1.92 1.73 1.58 1.47 1.37 1.28 1.24 0.1  2.24 0.   0.  ]
[0.   3.11 3.09 3.06 3.22 3.2  3.21 3.21 3.27 3.27 3.32 3.37 3.24 2.83
 2.51 2.35 2.08 1.88 1.71 1.56 1.45 1.36 1.27 1.24 0.09 2.23 0.   0.  ]
[0.   3.11 3.07 0.   3.19 3.17 3.21 3.21 3.23 3.27 3.32 3.37 3.21 2.81
 2.49 2.31 2.06 1.87 1.69 1.56 1.44 1.35 1.26 1.23 0.09 2.22 0.   0.  ]
[0.   3.11 3.07 3.08 3.19 3.17 3.18 3.21 3.23 3.27 3.32 3.34 3.18 2.77
 2.45 2.31 2.04 1.85 1.69 1.54 1.43 1.34 1.26 1.23 0.09 2.22 0.   0.  ]
[0.   3.08 3.04 3.16 3.19 3.17 3.18 3.21 3.23 3.27 3.32 3.34 3.12 2.72
 2.42 2.25 2.01 1.83 1.66 1.53 1.42 1.32 1.24 1.23 0.08 2.21 0.   0.  ]
[0.   3.08 3.04 3.06 3.19 3.17 3.18 3.21 3.21 3.24 3.29 3.34 3.21 2.81
 2.49 2.3  2.08 1.87 1.69 1.56 1.44 1.34 1.26 1.2  0.08 2.2  0.   0.  ]
[0.   3.13 3.09 3.06 3.06 3.17 3.18 3.21 3.21 3.21 3.25 3.3  3.33 3.36
 3.1  2.67 2.37 2.27 1.99 1.79 1.64 1.51 1.4  1.31 0.14 2.19 0.   0.  ]
[0.   3.16 3.09 3.06 3.06 3.09 3.18 3.18 3.21 3.21 3.25 3.27 3.33 3.36
 3.18 2.78 2.44 2.3  2.04 1.84 1.68 1.54 1.4  1.33 0.14 2.19 0.   0.  ]
[0.   3.13 3.09 3.06 3.06 3.11 3.18 3.18 3.21 3.21 3.25 3.27 3.33 3.33
 3.18 2.76 2.42 2.3  2.04 1.83 1.67 1.53 1.4  1.32 0.18 2.18 0.   0.  ]
[0.   3.13 3.09 3.06 3.06 3.14 3.18 3.18 3.18 3.21 3.22 3.27 3.33 3.33
 3.18 2.76 2.42 2.3  2.02 1.83 1.67 1.53 1.4  1.32 0.18 2.18 0.   0.  ]
[0.   3.11 3.07 3.06 3.03 3.09 3.16 3.18 3.18 3.21 3.22 3.24 3.3  3.33
 3.21 2.78 2.44 2.27 2.04 1.84 1.67 1.54 1.4  1.33 0.18 2.16 0.   0.  ]
[0.   3.11 3.07 3.03 3.03 3.09 3.16 3.18 3.18 3.18 3.22 3.24 3.3  3.33
 3.18 2.76 2.44 2.27 2.04 1.84 1.67 1.53 1.4  1.32 0.18 2.16 0.   0.  ]
[0.   3.11 3.04 3.01 3.01 3.11 3.16 3.15 3.18 3.18 3.19 3.24 3.3  3.3
 3.21 2.76 2.42 2.25 2.04 1.83 1.67 1.53 1.4  1.33 0.18 2.15 0.   0.  ]
[0.   3.11 3.04 3.03 3.01 3.11 3.16 3.15 3.15 3.18 3.19 3.24 3.3  3.3
 3.18 2.76 2.42 2.24 2.04 1.83 1.67 1.53 1.4  1.32 0.18 2.14 0.   0.  ]
[0.   3.08 3.04 3.03 3.01 3.09 3.13 3.12 3.15 3.18 3.19 3.24 3.27 3.3
 3.18 2.76 2.42 2.24 2.02 1.83 1.67 1.53 1.4  1.32 0.18 2.14 0.   0.  ]
[0.   3.08 3.04 3.01 3.01 3.09 3.13 3.15 3.15 3.15 3.19 3.21 3.27 3.3
 3.18 2.76 2.42 2.22 2.02 1.83 1.67 1.53 1.4  1.32 0.18 2.13 0.   0.  ]
[0.   3.08 3.02 3.03 2.98 3.09 3.13 3.12 3.15 3.15 3.19 3.21 3.27 3.27
 3.18 2.76 2.41 2.22 2.02 1.83 1.66 1.53 1.4  1.32 0.18 2.12 0.   0.  ]
[0.   3.08 3.02 2.96 2.98 3.09 3.13 3.12 3.15 3.15 3.19 3.21 3.27 3.27
 3.15 2.76 2.42 2.21 2.04 1.83 1.66 1.52 1.4  1.32 0.18 2.12 0.   0.  ]
[0.   3.06 3.02 2.98 2.98 3.09 3.13 3.12 3.12 3.15 3.19 3.21 3.27 3.27
 3.18 2.74 2.41 2.21 2.02 1.83 1.66 1.53 1.4  1.32 0.18 2.11 0.   0.  ]
[0.   3.06 3.02 2.98 2.98 3.06 3.1  3.09 3.12 3.12 3.16 3.21 3.27 3.27
 3.15 2.74 2.41 2.2  2.02 1.82 1.66 1.52 1.4  1.32 0.19 2.1  0.   0.  ]
[0.   3.06 3.02 2.98 2.98 3.06 3.1  3.09 3.09 3.12 3.16 3.21 3.24 3.27
 3.18 2.74 2.41 2.2  2.02 1.83 1.66 1.52 1.4  1.31 0.19 2.09 0.   0.  ]
[0.   3.06 3.   2.98 2.98 3.09 3.1  3.09 3.09 3.12 3.16 3.18 3.24 3.27
 3.15 2.74 2.41 2.18 2.02 1.82 1.66 1.52 1.4  1.32 0.19 2.09 0.   0.  ]
[0.   3.06 3.   2.94 2.96 3.06 3.1  3.09 3.09 3.12 3.16 3.18 3.24 3.24
 3.15 2.74 2.39 2.18 2.02 1.82 1.66 1.52 1.4  1.32 0.19 2.09 0.   0.  ]
[0.   3.04 3.   2.98 2.96 3.09 3.1  3.09 3.09 3.12 3.14 3.18 3.24 3.24
 3.15 2.74 2.41 2.18 2.02 1.82 1.66 1.52 1.4  1.32 0.19 2.09 0.   0.  ]
[0.   3.04 3.   2.96 2.96 3.06 3.1  3.09 3.09 3.12 3.14 3.18 3.24 3.24
 3.15 2.74 2.39 2.17 2.02 1.82 1.66 1.52 1.4  1.31 0.19 2.08 0.   0.  ]
[0.   3.04 3.   2.98 2.96 3.06 3.1  3.09 3.09 3.1  3.16 3.18 3.21 3.24
 3.15 2.74 2.41 2.17 2.02 1.82 1.66 1.52 1.4  1.31 0.19 2.07 0.   0.  ]
[0.   3.04 2.97 2.98 2.96 3.06 3.07 3.07 3.09 3.1  3.14 3.15 3.21 3.21
 3.15 2.74 2.39 2.15 2.02 1.82 1.66 1.52 1.4  1.31 0.19 2.06 0.   0.  ]
[0.   3.01 2.97 2.94 2.93 3.06 3.07 3.07 3.06 3.1  3.14 3.15 3.21 3.21
 3.12 2.74 2.39 2.15 2.02 1.82 1.66 1.52 1.4  1.31 0.19 2.06 0.   0.  ]
[0.   3.01 2.97 2.96 2.93 3.06 3.07 3.07 3.06 3.1  3.11 3.15 3.21 3.21
 3.15 2.74 2.39 2.15 2.02 1.82 1.66 1.52 1.4  1.31 0.19 2.05 0.   0.  ]
[0.   3.01 2.97 2.92 2.93 3.04 3.05 3.07 3.06 3.07 3.11 3.12 3.21 3.21
 3.15 2.74 2.41 2.15 2.02 1.82 1.66 1.52 1.4  1.32 0.19 2.05 0.   0.  ]
[0.   3.04 2.97 2.96 2.93 2.89 3.07 3.07 3.06 3.07 3.08 3.12 3.18 3.18
 3.21 3.   2.61 2.33 2.14 1.95 1.76 1.61 1.49 1.38 0.2  2.04 0.   0.  ]
[0.   3.04 2.97 2.96 2.93 2.89 3.05 3.07 3.06 3.07 3.08 3.1  3.18 3.18
 3.18 3.05 2.65 2.34 2.12 1.97 1.79 1.62 1.5  1.39 0.23 2.03 0.   0.  ]
[0.   3.04 2.97 2.94 2.93 2.89 3.05 3.07 3.04 3.07 3.08 3.1  3.15 3.18
 3.18 3.03 2.63 2.33 2.12 1.96 1.78 1.62 1.49 1.39 0.23 2.02 0.   0.  ]
[0.   3.01 2.97 2.94 2.91 2.89 3.05 3.04 3.04 3.04 3.08 3.1  3.15 3.15
 3.18 3.05 2.63 2.34 2.11 1.97 1.79 1.62 1.49 1.39 0.23 2.02 0.   0.  ]
[0.   3.01 2.95 2.92 2.91 2.89 3.05 3.04 3.04 3.04 3.08 3.1  3.15 3.15
 3.18 3.03 2.63 2.34 2.11 1.96 1.79 1.62 1.49 1.39 0.23 2.01 0.   0.  ]
[0.   3.01 2.95 2.92 2.91 2.89 3.05 3.04 3.04 3.04 3.08 3.1  3.15 3.15
 3.15 3.03 2.61 2.33 2.1  1.96 1.78 1.62 1.49 1.38 0.23 2.01 0.   0.  ]
[0.   2.99 2.95 2.92 2.89 2.87 3.02 3.01 3.04 3.04 3.05 3.1  3.12 3.15
 3.15 3.03 2.61 2.33 2.1  1.96 1.78 1.62 1.49 1.38 0.23 2.   0.   0.  ]
[0.   2.99 2.95 2.89 2.89 2.87 3.02 3.01 3.01 3.04 3.05 3.07 3.12 3.12
 3.15 3.03 2.61 2.33 2.09 1.96 1.78 1.62 1.49 1.38 0.23 2.   0.   0.  ]
[0.   2.99 2.93 0.   2.89 2.87 3.02 2.99 3.01 3.04 3.05 3.07 3.12 3.12
 3.15 3.05 2.61 2.33 2.09 1.96 1.77 1.62 1.49 1.38 0.23 1.99 0.   0.  ]
[0.   2.99 2.93 2.89 2.89 2.87 3.02 2.99 3.01 3.02 3.02 3.07 3.12 3.12
 3.15 3.03 2.61 2.33 2.07 1.96 1.77 1.62 1.49 1.38 0.23 1.98 0.   0.  ]
[0.   2.99 2.93 2.89 2.89 2.84 3.   2.99 3.01 3.02 3.02 3.07 3.12 3.12
 3.12 3.03 2.61 2.33 2.07 1.96 1.78 1.62 1.49 1.38 0.23 1.98 0.   0.  ]
[0.   2.99 2.9  2.87 2.87 2.84 3.   2.99 2.99 3.02 3.02 3.07 3.12 3.12
 3.12 3.03 2.61 2.33 2.07 1.96 1.78 1.62 1.49 1.38 0.24 1.97 0.   0.  ]
[0.   2.97 2.9  2.87 2.87 2.84 3.   2.99 2.99 3.02 3.02 3.04 3.09 3.09
 3.12 3.03 2.61 2.33 2.07 1.96 1.78 1.62 1.49 1.38 0.24 1.96 0.   0.  ]
[0.   2.97 2.9  2.87 2.87 2.84 3.   2.99 2.99 2.99 3.02 3.04 3.09 3.09
 3.12 3.03 2.59 2.31 2.07 1.96 1.78 1.62 1.49 1.38 0.24 1.95 0.   0.  ]
[0.   2.94 2.9  2.87 2.87 2.82 3.   2.96 2.96 2.99 3.   3.04 3.06 3.09
 3.12 3.03 2.59 2.31 2.07 1.96 1.77 1.61 1.49 1.38 0.24 1.95 0.   0.  ]
[0.   2.97 2.9  2.87 2.84 2.82 2.97 2.99 2.96 2.99 3.   3.01 3.09 3.09
 3.1  3.03 2.59 2.31 2.07 1.96 1.77 1.61 1.49 1.38 0.24 1.95 0.   0.  ]
[0.   2.94 2.88 2.85 2.84 2.82 2.97 2.96 2.96 2.96 3.   3.01 3.06 3.09
 3.1  3.03 2.59 2.31 2.07 1.96 1.77 1.61 1.49 1.38 0.24 1.95 0.   0.  ]
[0.   2.94 2.88 2.85 2.84 2.82 2.97 2.96 2.96 2.96 3.   3.01 3.06 3.06
 3.1  3.   2.59 2.31 2.06 1.96 1.76 1.61 1.49 1.38 0.24 1.94 0.   0.  ]
[0.   2.94 2.88 2.83 2.84 2.82 2.97 2.96 2.96 2.96 3.   3.01 3.06 3.06
 3.1  3.   2.59 2.31 2.07 1.96 1.77 1.61 1.49 1.38 0.24 1.94 0.   0.  ]
[0.   2.92 2.88 2.85 2.84 2.8  2.97 2.96 2.96 2.96 3.   3.01 3.06 3.06
 3.1  3.03 2.59 2.31 2.07 1.96 1.77 1.61 1.49 1.38 0.24 1.93 0.   0.  ]
[0.   2.92 2.88 2.83 2.82 2.8  2.95 2.94 2.96 2.96 2.97 3.01 3.06 3.06
 3.07 3.   2.59 2.31 2.07 1.95 1.76 1.61 1.49 1.38 0.24 1.93 0.   0.  ]
[0.   2.92 2.86 2.81 2.82 2.8  2.95 2.94 2.94 2.94 2.97 2.99 3.04 3.04
 3.07 3.   2.59 2.3  2.06 1.94 1.77 1.61 1.49 1.38 0.24 1.92 0.   0.  ]
[0.   2.9  2.86 2.81 2.8  2.78 2.95 2.94 2.94 2.94 2.97 2.99 3.04 3.04
 3.04 3.   2.59 2.3  2.06 1.95 1.77 1.61 1.49 1.38 0.25 1.91 0.   0.  ]
[0.   2.9  2.86 2.81 2.8  2.78 2.92 2.94 2.94 2.94 2.95 2.99 3.04 3.04
 3.04 3.   2.59 2.3  2.06 1.94 1.76 1.61 1.49 1.38 0.25 1.9  0.   0.  ]
[0.   2.9  2.86 2.81 2.8  2.78 2.92 2.91 2.94 2.94 2.97 2.99 3.01 3.04
 3.04 3.   2.59 2.3  2.06 1.95 1.76 1.61 1.49 1.37 0.25 1.9  0.   0.  ]
[0.   2.9  2.84 2.78 2.8  2.78 2.92 2.91 2.91 2.94 2.95 2.96 3.01 3.01
 3.04 3.   2.59 2.3  2.06 1.95 1.77 1.61 1.49 1.38 0.25 1.89 0.   0.  ]
[0.   2.88 2.84 2.78 2.78 2.76 2.92 2.89 2.91 2.91 2.95 2.96 3.01 3.01
 3.01 3.   2.59 2.3  2.06 1.96 1.77 1.61 1.49 1.38 0.25 1.88 0.   0.  ]
[0.   2.88 2.82 2.78 2.78 2.76 2.9  2.89 2.89 2.91 2.92 2.96 3.01 2.98
 3.01 2.97 2.59 2.3  2.06 1.96 1.76 1.61 1.48 1.37 0.25 1.87 0.   0.  ]
[0.   2.88 2.82 2.76 2.78 2.74 2.9  2.89 2.89 2.91 2.92 2.94 2.98 2.98
 3.01 3.   2.59 2.28 2.06 1.96 1.77 1.61 1.49 1.37 0.25 1.87 0.   0.  ]
[0.   2.86 2.8  2.76 2.76 2.74 2.87 2.87 2.89 2.89 2.9  2.91 2.98 2.98
 3.01 2.97 2.59 2.28 2.05 1.97 1.77 1.61 1.49 1.37 0.25 1.86 0.   0.  ]
[0.   2.86 2.8  2.74 2.76 2.72 2.87 2.87 2.86 2.87 2.9  2.91 2.98 2.98
 3.01 3.   2.57 2.28 2.04 1.97 1.77 1.61 1.48 1.37 0.25 1.85 0.   0.  ]
[0.   2.84 2.8  2.74 2.74 2.72 2.87 2.87 2.86 2.87 2.87 2.91 2.96 2.96
 2.99 2.97 2.57 2.28 2.05 1.96 1.76 1.61 1.49 1.37 0.26 1.85 0.   0.  ]
[0.   2.84 2.8  2.74 2.74 2.72 2.87 2.87 2.86 2.87 2.9  2.91 2.96 2.96
 2.99 2.97 2.59 2.28 2.05 1.95 1.77 1.61 1.49 1.37 0.26 1.84 0.   0.  ]
[0.   2.82 2.78 2.72 2.74 2.69 2.85 2.84 2.86 2.87 2.87 2.89 2.93 2.93
 2.96 2.97 2.57 2.28 2.05 1.94 1.77 1.61 1.48 1.37 0.26 1.83 0.   0.  ]
[0.   2.82 2.78 2.72 2.72 2.69 2.85 2.84 2.84 2.84 2.87 2.89 2.93 2.93
 2.96 2.95 2.57 2.28 2.05 1.93 1.76 1.61 1.49 1.37 0.26 1.82 0.   0.  ]
[0.   2.82 2.78 2.72 2.72 2.69 2.85 2.84 2.84 2.84 2.85 2.89 2.93 2.93
 2.94 2.95 2.57 2.28 2.04 1.92 1.76 1.61 1.49 1.37 0.26 1.82 0.   0.  ]
[0.   2.82 2.76 2.72 2.72 2.67 2.83 2.82 2.84 2.84 2.85 2.89 2.91 2.93
 2.94 2.95 2.57 2.28 2.05 1.91 1.76 1.61 1.49 1.37 0.26 1.81 0.   0.  ]
[0.   2.8  2.76 2.7  2.72 2.67 2.83 2.82 2.82 2.84 2.85 2.86 2.91 2.91
 2.94 2.95 2.57 2.28 2.04 1.89 1.76 1.61 1.49 1.37 0.26 1.8  0.   0.  ]
[0.   2.8  2.74 2.7  2.7  2.66 2.83 2.82 2.82 2.84 2.85 2.86 2.91 2.91
 2.94 2.95 2.57 2.28 2.04 1.88 1.76 1.61 1.49 1.37 0.26 1.8  0.   0.  ]
[0.   2.8  2.74 2.68 2.7  2.66 2.81 2.8  2.79 2.82 2.83 2.84 2.88 2.91
 2.91 2.92 2.57 2.28 2.04 1.88 1.77 1.61 1.49 1.37 0.27 1.79 0.   0.  ]
[0.   2.78 2.74 2.68 2.68 2.66 2.81 2.8  2.79 2.82 2.83 2.84 2.88 2.88
 2.91 2.92 2.57 2.28 2.04 1.87 1.76 1.61 1.49 1.37 0.27 1.78 0.   0.  ]
[0.   2.78 2.72 2.68 2.68 2.64 2.81 2.8  2.79 2.82 2.8  2.84 2.88 2.88
 2.91 2.92 2.57 2.28 2.04 1.86 1.76 1.61 1.49 1.37 0.27 1.77 0.   0.  ]
[0.   2.76 2.72 2.66 2.66 2.67 2.79 2.8  2.77 2.8  2.8  2.82 2.86 2.88
 2.89 2.92 2.57 2.27 2.04 1.85 1.77 1.61 1.49 1.37 0.27 1.76 0.   0.  ]
[0.   2.76 2.72 2.66 2.66 2.66 2.79 2.78 2.77 2.8  2.8  2.82 2.86 2.86
 2.89 2.92 2.57 2.28 2.04 1.85 1.77 1.61 1.49 1.37 0.27 1.76 0.   0.  ]
[0.   2.76 2.72 2.65 2.66 2.64 2.79 2.78 2.77 2.77 2.8  2.82 2.86 2.86
 2.89 2.92 2.57 2.28 2.04 1.85 1.77 1.61 1.49 1.37 0.27 1.76 0.   0.  ]
[0.   2.76 2.7  2.65 2.66 2.64 2.79 2.78 2.77 2.77 2.8  2.82 2.86 2.86
 2.89 2.92 2.57 2.28 2.04 1.85 1.77 1.61 1.49 1.37 0.27 1.75 0.   0.  ]
[0.   2.76 2.7  2.65 2.66 2.66 2.79 2.78 2.77 2.77 2.8  2.82 2.83 2.86
 2.89 2.92 2.57 2.28 2.04 1.85 1.77 1.61 1.49 1.38 0.27 1.75 0.   0.  ]
[0.   2.74 2.7  2.65 2.64 2.64 2.76 2.78 2.77 2.77 2.78 2.79 2.83 2.86
 2.86 2.9  2.59 2.28 2.04 1.84 1.78 1.61 1.49 1.37 0.28 1.74 0.   0.  ]
[0.   2.74 2.7  2.65 2.66 2.64 2.76 2.75 2.75 2.77 2.78 2.79 2.83 2.83
 2.86 2.9  2.57 2.28 2.05 1.85 1.77 1.62 1.49 1.38 0.28 1.73 0.   0.  ]
[0.   2.74 2.68 2.65 2.64 2.64 2.76 2.75 2.75 2.77 2.78 2.79 2.83 2.83
 2.86 2.9  2.57 2.28 2.04 1.85 1.76 1.62 1.49 1.38 0.28 1.73 0.   0.  ]
[0.   2.74 2.68 2.65 2.64 2.62 2.76 2.75 2.75 2.75 2.76 2.79 2.83 2.83
 2.84 2.9  2.57 2.28 2.04 1.84 1.76 1.62 1.49 1.38 0.28 1.73 0.   0.  ]
[0.   2.72 2.68 2.65 2.64 2.62 2.76 2.75 2.75 2.75 2.76 2.79 2.81 2.83
 2.84 2.9  2.57 2.27 2.04 1.85 1.76 1.62 1.49 1.37 0.28 1.72 0.   0.  ]
[0.   2.72 2.66 2.63 2.62 2.62 2.74 2.73 2.73 2.75 2.76 2.77 2.81 2.81
 2.84 2.87 2.57 2.28 2.04 1.84 1.75 1.62 1.49 1.38 0.28 1.72 0.   0.  ]
[0.   2.72 2.66 2.63 2.62 2.6  2.74 2.73 2.73 2.75 2.76 2.77 2.81 2.81
 2.84 2.87 2.59 2.28 2.05 1.85 1.76 1.62 1.49 1.38 0.28 1.71 0.   0.  ]
[0.   2.72 2.66 2.63 2.62 2.62 2.74 2.73 2.73 2.73 2.76 2.77 2.81 2.81
 2.82 2.85 2.57 2.28 2.04 1.85 1.76 1.62 1.49 1.38 0.29 1.71 0.   0.  ]
[0.   2.7  2.66 2.63 2.62 2.62 2.72 2.71 2.73 2.73 2.76 2.77 2.79 2.81
 2.82 2.85 2.57 2.28 2.04 1.85 1.77 1.62 1.49 1.38 0.29 1.7  0.   0.  ]
[0.   2.7  2.66 2.61 2.6  2.6  2.74 2.71 2.71 2.73 2.74 2.77 2.79 2.81
 2.82 2.85 2.57 2.28 2.04 1.84 1.79 1.62 1.49 1.38 0.29 1.7  0.   0.  ]
[0.   2.7  2.66 2.61 2.6  2.6  2.72 2.71 2.71 2.73 2.74 2.75 2.79 2.79
 2.82 2.85 2.59 2.28 2.04 1.85 1.8  1.62 1.49 1.38 0.29 1.7  0.   0.  ]
[0.   2.68 2.64 2.59 2.58 2.6  2.72 2.71 2.71 2.71 2.72 2.75 2.79 2.79
 2.82 2.83 2.59 2.28 2.04 1.84 1.81 1.62 1.49 1.38 0.29 1.68 0.   0.  ]
[0.   2.66 2.62 2.59 2.58 2.6  2.7  2.69 2.69 2.69 2.72 2.73 2.77 2.77
 2.79 2.8  2.59 2.28 2.04 1.84 1.79 1.62 1.49 1.38 0.29 1.66 0.   0.  ]
[0.   2.66 2.62 2.57 2.56 2.62 2.7  2.69 2.69 2.69 2.69 2.73 2.74 2.77
 2.77 2.8  2.59 2.28 2.04 1.84 1.78 1.62 1.49 1.38 0.3  1.66 0.   0.  ]
[0.   2.66 2.62 2.57 2.56 2.64 2.68 2.67 2.69 2.69 2.69 2.71 2.74 2.74
 2.77 2.8  2.57 2.28 2.04 1.84 1.76 1.62 1.49 1.38 0.3  1.65 0.   0.  ]
[0.   2.66 2.61 2.56 2.56 2.64 2.68 2.67 2.67 2.67 2.67 2.71 2.74 2.74
 2.75 2.78 2.57 2.28 2.04 1.84 1.75 1.62 1.49 1.38 0.3  1.64 0.   0.  ]
[0.   2.64 2.59 2.56 2.55 2.64 2.66 2.67 2.67 2.67 2.67 2.71 2.72 2.74
 2.75 2.76 2.57 2.28 2.04 1.84 1.74 1.62 1.49 1.38 0.3  1.63 0.   0.  ]
[0.   2.64 2.59 2.56 2.55 2.64 2.66 2.65 2.65 2.67 2.67 2.68 2.72 2.72
 2.75 2.76 2.57 2.28 2.02 1.84 1.72 1.62 1.49 1.38 0.3  1.63 0.   0.  ]
[0.   2.63 2.59 2.54 2.55 2.64 2.66 2.65 2.65 2.65 2.67 2.68 2.72 2.72
 2.75 2.76 2.57 2.28 2.02 1.84 1.72 1.62 1.49 1.38 0.3  1.62 0.   0.  ]
[0.   2.63 2.57 2.52 2.53 2.64 2.64 2.65 2.65 2.65 2.65 2.66 2.7  2.72
 2.73 2.76 2.57 2.27 2.04 1.84 1.69 1.62 1.49 1.38 0.31 1.61 0.   0.  ]
[0.   2.61 2.57 2.52 2.51 2.64 2.64 2.63 2.63 2.65 2.65 2.66 2.7  2.7
 2.73 2.74 2.57 2.27 2.02 1.84 1.69 1.62 1.49 1.38 0.31 1.61 0.   0.  ]
[0.   2.61 2.55 2.52 2.51 2.62 2.64 2.63 2.63 2.63 2.63 2.64 2.68 2.7
 2.73 2.74 2.57 2.27 2.02 1.84 1.69 1.62 1.49 1.38 0.31 1.6  0.   0.  ]
[0.   2.59 2.55 2.5  2.49 2.62 2.62 2.61 2.61 2.63 2.63 2.64 2.68 2.68
 2.71 2.72 2.57 2.27 2.02 1.83 1.69 1.62 1.49 1.38 0.31 1.59 0.   0.  ]
[0.   2.59 2.55 2.5  2.49 2.62 2.62 2.61 2.61 2.61 2.63 2.62 2.66 2.68
 2.71 2.72 2.55 2.27 2.02 1.83 1.68 1.62 1.49 1.38 0.31 1.58 0.   0.  ]
[0.   2.57 2.54 2.5  2.49 2.62 2.6  2.59 2.61 2.61 2.61 2.62 2.66 2.66
 2.68 2.72 2.55 2.27 2.02 1.83 1.67 1.61 1.49 1.38 0.32 1.57 0.   0.  ]
[0.   2.57 2.54 2.49 2.48 2.6  2.6  2.59 2.59 2.61 2.61 2.62 2.66 2.66
 2.68 2.69 2.57 2.27 2.02 1.83 1.67 1.61 1.49 1.38 0.32 1.57 0.   0.  ]
[0.   2.57 2.52 2.49 2.48 2.6  2.6  2.59 2.59 2.59 2.61 2.62 2.66 2.66
 2.66 2.69 2.55 2.27 2.01 1.83 1.68 1.61 1.49 1.38 0.32 1.57 0.   0.  ]
[0.   2.57 2.52 2.49 2.48 2.6  2.6  2.59 2.59 2.59 2.59 2.62 2.64 2.66
 2.66 2.69 2.55 2.27 2.02 1.83 1.68 1.6  1.49 1.38 0.32 1.56 0.   0.  ]
[0.   2.57 2.52 2.49 2.48 2.58 2.58 2.59 2.59 2.59 2.59 2.62 2.64 2.64
 2.66 2.69 2.55 2.27 2.01 1.82 1.67 1.6  1.49 1.38 0.32 1.56 0.   0.  ]
[0.   2.56 2.52 2.47 2.46 2.58 2.6  2.57 2.57 2.59 2.59 2.6  2.64 2.64
 2.66 2.67 2.55 2.27 2.01 1.82 1.67 1.6  1.49 1.38 0.32 1.55 0.   0.  ]
[0.   2.56 2.5  2.45 2.46 2.58 2.58 2.57 2.57 2.59 2.59 2.6  2.64 2.64
 2.64 2.67 2.55 2.27 2.01 1.83 1.67 0.   1.49 1.38 0.32 1.55 0.   0.  ]
[0.   2.54 2.5  2.45 2.46 2.58 2.58 2.55 2.57 2.57 2.57 2.6  2.64 2.62
 2.64 2.67 2.57 2.27 2.01 1.82 1.67 0.   1.49 1.38 0.32 1.54 0.   0.  ]
[0.   2.54 2.49 2.45 2.44 2.56 2.56 2.55 2.55 2.55 2.57 2.58 2.62 2.62
 2.64 2.65 2.55 2.27 2.01 1.82 1.66 1.66 1.49 1.38 0.33 1.53 0.   0.  ]
[0.   2.52 2.49 2.44 2.44 2.56 2.56 2.55 2.55 2.55 2.57 2.58 2.62 2.62
 2.62 2.65 2.55 2.27 2.01 1.82 1.66 1.66 1.49 1.38 0.33 1.52 0.   0.  ]
[0.   2.52 2.49 2.44 2.43 2.56 2.56 2.55 2.55 2.55 2.55 2.58 2.6  2.62
 2.62 2.65 2.55 2.25 2.01 1.82 1.66 1.65 1.49 1.38 0.33 1.52 0.   0.  ]
[0.   2.51 2.47 2.44 2.43 2.54 2.55 2.54 2.53 2.53 2.55 2.56 2.6  2.6
 2.62 2.63 2.55 2.27 2.01 1.82 1.66 1.64 1.49 1.38 0.33 1.51 0.   0.  ]
[0.   2.51 2.47 2.44 2.43 2.54 2.55 2.54 2.53 2.53 2.55 2.56 2.6  2.6
 2.62 2.63 2.55 2.27 2.01 1.82 1.66 1.64 1.49 1.38 0.33 1.51 0.   0.  ]
[0.   2.51 2.47 2.42 2.43 2.54 2.55 2.54 2.53 2.53 2.54 2.56 2.58 2.6
 2.62 2.63 2.55 2.27 2.01 1.82 1.66 1.63 1.49 1.38 0.33 1.5  0.   0.  ]
[0.   2.51 2.47 2.42 2.41 2.54 2.53 2.54 2.53 2.53 2.54 2.54 2.58 2.58
 2.6  2.61 2.55 2.27 2.01 1.82 1.66 1.62 1.49 1.38 0.33 1.5  0.   0.  ]
[0.   2.51 2.45 2.42 2.41 2.54 2.53 2.52 2.53 2.53 2.54 2.54 2.58 2.58
 2.6  2.61 2.55 2.27 2.01 1.82 1.66 1.61 1.49 1.38 0.34 1.5  0.   0.  ]
[0.   2.54 2.5  2.45 2.43 2.41 2.47 2.54 2.53 2.53 2.52 2.54 2.56 2.56
 2.56 2.57 2.59 2.61 2.35 2.07 1.87 1.7  1.59 1.52 0.37 1.49 0.   0.  ]
[0.   2.57 2.52 2.47 2.44 2.41 2.41 2.54 2.53 2.51 2.52 2.53 2.54 2.54
 2.56 2.55 2.57 2.59 2.5  2.2  1.97 1.79 1.63 1.6  0.4  1.48 0.   0.  ]
[0.   2.56 2.52 2.45 2.44 2.41 2.39 2.54 2.51 2.51 2.52 2.53 2.54 2.54
 2.54 2.55 2.57 2.59 2.52 2.21 1.98 1.8  1.64 1.58 0.42 1.48 0.   0.  ]
[0.   2.56 2.5  2.45 2.44 2.41 2.39 2.54 2.51 2.51 2.52 2.53 2.54 2.54
 2.54 2.54 2.57 2.57 2.54 2.21 1.99 1.81 1.65 1.57 0.43 1.47 0.   0.  ]
[0.   2.56 2.5  2.45 2.44 2.39 2.39 2.54 2.51 2.51 2.52 2.51 2.54 2.52
 2.54 2.54 2.55 2.57 2.55 2.23 1.99 1.81 1.65 1.56 0.43 1.46 0.   0.  ]
[0.   2.56 2.5  2.45 2.43 2.39 2.39 2.52 2.51 2.49 2.5  2.51 2.52 2.52
 2.53 2.54 2.55 2.57 2.55 2.24 2.01 1.81 1.65 1.55 0.43 1.46 0.   0.  ]
[0.   2.56 2.5  2.45 2.43 2.39 2.38 2.52 2.51 2.49 2.5  2.51 2.52 2.52
 2.53 2.54 2.53 2.57 2.55 2.24 2.02 1.81 1.66 1.55 0.43 1.46 0.   0.  ]
[0.   2.54 2.5  2.44 2.43 2.39 2.38 2.52 2.49 2.49 2.5  2.51 2.52 2.5
 2.51 2.52 2.53 2.57 2.57 2.24 2.02 1.82 1.66 1.55 0.43 1.46 0.   0.  ]
[0.   2.54 2.49 2.45 2.41 2.39 2.38 2.52 2.49 2.49 2.48 2.49 2.52 2.5
 2.51 2.52 2.53 2.55 2.57 2.26 2.03 1.82 1.67 1.55 0.44 1.45 0.   0.  ]
[0.   2.54 2.49 2.44 2.41 2.39 2.38 2.5  2.49 2.49 2.48 2.49 2.5  2.5
 2.51 2.52 2.53 2.55 2.59 2.27 2.03 1.84 1.68 1.55 0.44 1.44 0.   0.  ]
[0.   2.54 2.49 2.42 2.41 2.38 2.38 2.5  2.48 2.48 2.48 2.49 2.5  2.5
 2.51 2.52 2.51 2.53 2.57 2.3  2.05 1.85 1.69 1.56 0.45 1.44 0.   0.  ]
[0.   2.52 2.47 2.47 2.4  2.36 2.36 2.5  2.48 2.48 2.46 2.47 2.48 2.48
 2.49 2.5  2.51 2.53 2.57 2.31 2.06 1.86 1.7  1.56 0.45 1.43 0.   0.  ]
[0.   2.51 2.45 2.42 2.38 2.36 2.34 2.48 2.46 2.46 2.44 2.47 2.48 2.48
 2.49 2.5  2.51 2.53 2.55 2.26 2.02 1.82 1.67 1.55 0.46 1.43 0.   0.  ]
[0.   2.47 2.42 2.38 2.36 2.33 0.   2.46 2.46 2.44 2.44 2.45 2.47 2.47
 2.49 2.5  2.51 2.53 2.37 2.1  1.89 1.72 1.59 1.52 0.44 1.42 0.   0.  ]
[0.   2.46 2.42 2.38 2.36 2.33 0.   2.46 2.46 2.44 2.44 2.45 2.47 2.47
 2.49 2.5  2.51 2.53 2.38 2.11 1.9  1.73 1.59 1.51 0.43 1.41 0.   0.  ]
[0.   2.47 2.42 2.38 2.35 2.33 2.33 2.45 2.44 2.44 2.43 2.44 2.47 2.47
 2.47 2.48 2.49 2.51 2.46 2.16 1.94 1.76 1.62 1.5  0.44 1.4  0.   0.  ]
[0.   2.47 2.42 2.38 2.35 2.31 2.31 2.45 2.44 2.44 2.43 2.44 2.45 2.45
 2.45 2.46 2.48 2.49 2.5  2.2  1.98 1.79 1.64 1.52 0.45 1.4  0.   0.  ]
[0.   2.46 2.41 2.36 2.35 2.31 2.31 2.45 2.42 2.42 2.41 2.42 2.45 2.43
 2.45 2.44 2.46 2.49 2.54 2.23 1.99 1.81 1.65 1.53 0.45 1.39 0.   0.  ]
[0.   2.46 2.41 2.36 2.35 2.31 2.3  2.43 2.42 2.42 2.41 2.42 2.43 2.43
 2.44 2.44 2.46 2.48 2.5  2.26 2.02 1.82 1.66 1.54 0.46 1.38 0.   0.  ]
[0.   2.46 2.41 2.36 2.33 2.3  2.28 2.43 2.41 2.41 2.39 2.4  2.41 2.41
 2.42 2.43 2.44 2.48 2.5  2.27 2.03 1.83 1.68 1.55 0.47 1.37 0.   0.  ]
[0.   2.46 2.41 2.36 2.33 2.3  2.28 2.41 2.41 2.41 2.39 2.4  2.41 2.41
 2.42 2.43 2.44 2.46 2.48 2.3  2.06 1.86 1.69 1.56 0.47 1.37 0.   0.  ]
[0.   2.44 2.41 2.35 2.32 2.3  2.28 2.41 2.39 2.39 2.39 2.38 2.4  2.4
 2.4  2.41 2.42 2.44 2.46 2.33 2.07 1.88 1.71 1.58 0.48 1.36 0.   0.  ]
[0.   2.44 2.39 2.35 2.32 2.28 2.27 2.41 2.39 2.39 2.38 2.38 2.4  2.4
 2.4  2.39 2.41 2.42 2.45 2.36 2.11 1.9  1.72 1.58 0.48 1.36 0.   0.  ]
[0.   2.44 2.39 2.33 2.32 2.28 2.27 2.4  2.39 2.37 2.36 2.38 2.4  2.38
 2.38 2.39 2.39 2.42 2.43 2.39 2.12 1.91 1.74 1.6  0.49 1.35 0.   0.  ]
[0.   2.44 2.39 2.33 2.3  2.28 2.27 2.36 2.39 2.37 2.36 2.37 2.38 2.38
 2.38 2.38 2.39 2.41 2.43 2.43 2.15 1.93 1.75 1.61 0.51 1.33 0.   0.  ]
[0.   2.44 2.38 2.33 2.3  2.27 2.26 2.24 2.38 2.37 2.36 2.35 2.36 2.36
 2.37 2.38 2.37 2.41 2.41 2.46 2.18 1.97 1.78 1.63 0.51 1.33 0.   0.  ]
[0.   2.43 2.38 2.33 2.3  2.26 2.26 2.23 2.38 2.36 2.36 2.35 2.36 2.36
 2.35 2.36 2.37 2.39 2.41 2.44 2.2  1.98 1.79 1.65 0.52 1.32 0.   0.  ]
[0.   2.43 2.38 2.32 2.29 2.26 2.24 2.23 2.36 2.36 2.35 2.34 2.35 2.35
 2.35 2.35 2.36 2.38 2.4  2.44 2.23 2.   1.81 1.65 0.53 1.31 0.   0.  ]
[0.   2.41 2.36 2.32 2.29 2.26 2.23 2.22 2.36 2.34 2.33 2.34 2.35 2.33
 2.34 2.35 2.34 2.36 2.38 2.39 2.26 2.01 1.83 1.67 0.53 1.31 0.   0.  ]
[0.   2.41 2.36 2.32 2.28 2.26 2.23 2.22 2.34 2.34 2.33 2.32 2.33 2.33
 2.34 2.33 2.34 2.36 2.37 2.39 2.27 2.03 1.83 1.68 0.54 1.3  0.   0.  ]
[0.   2.41 2.36 2.32 2.28 2.24 2.23 2.22 2.34 2.33 2.33 2.34 2.33 2.33
 2.34 2.33 2.33 2.36 2.37 2.39 2.29 2.05 1.85 1.69 0.54 1.3  0.   0.  ]
[0.   2.44 2.38 2.33 2.29 2.26 2.24 2.22 2.34 2.34 2.33 2.32 2.33 2.32
 2.32 2.31 2.33 2.34 2.35 2.38 2.39 2.16 1.92 1.76 0.54 1.29 0.   0.  ]
[0.   2.49 2.42 2.36 2.32 2.28 2.26 2.23 2.21 2.33 2.35 2.34 2.33 2.32
 2.3  2.31 2.31 2.31 2.32 2.33 2.36 2.41 2.14 1.94 0.59 1.29 0.   0.  ]
[0.   2.47 2.42 2.36 2.32 2.27 2.26 2.23 2.21 2.33 2.33 2.32 2.32 2.3
 2.3  2.3  2.3  2.31 2.32 2.33 2.34 2.41 2.18 1.96 0.62 1.28 0.   0.  ]
[0.   2.47 2.41 2.36 2.32 2.27 2.26 2.22 2.2  2.31 2.31 2.32 2.32 2.3
 2.29 2.28 2.3  2.3  2.3  2.31 2.33 2.38 2.19 1.97 0.63 1.27 0.   0.  ]
[0.   2.47 2.41 2.35 2.3  2.26 2.24 2.22 2.18 0.   2.31 2.3  2.3  2.29
 2.29 2.28 2.28 2.28 2.3  2.31 2.33 2.37 2.21 1.98 0.63 1.26 0.   0.  ]
[0.   2.46 2.41 2.35 2.29 2.26 2.23 2.2  2.18 0.   2.3  2.3  2.3  2.29
 2.27 2.27 2.27 2.28 2.29 2.3  2.33 2.35 2.21 1.98 0.64 1.26 0.   0.  ]
[0.   2.46 2.39 2.33 2.29 2.24 2.23 2.19 2.17 0.   2.3  2.29 2.29 2.27
 2.27 2.27 2.27 2.27 2.29 2.29 2.32 2.34 2.22 2.   0.64 1.25 0.   0.  ]
[0.   2.44 2.38 2.3  2.28 2.24 2.21 2.19 2.15 2.18 2.3  2.27 2.29 2.27
 2.26 2.25 2.25 2.27 2.27 2.29 2.3  2.34 2.23 2.   0.65 1.25 0.   0.  ]
[0.   2.44 2.38 2.32 2.28 2.23 2.21 2.19 2.15 2.19 2.28 2.27 2.27 2.26
 2.26 2.25 2.25 2.25 2.26 2.27 2.3  2.34 2.25 2.   0.65 1.24 0.   0.  ]
[0.   2.44 2.38 2.35 2.28 2.23 2.2  2.17 2.15 2.21 2.28 2.27 2.27 2.26
 2.26 2.25 2.25 2.25 2.26 2.27 2.29 2.32 2.25 2.01 0.65 1.24 0.   0.  ]
[0.   2.43 2.36 2.32 2.26 2.23 2.2  2.17 2.15 2.19 2.27 2.27 2.27 2.26
 2.24 2.24 2.25 2.25 2.26 2.27 2.29 2.32 2.25 2.01 0.65 1.24 0.   0.  ]
[0.   2.43 2.36 2.32 2.26 2.23 2.2  2.17 2.14 2.21 2.27 2.26 2.26 2.24
 2.24 2.24 2.24 2.24 2.26 2.27 2.29 2.31 2.25 2.01 0.66 1.23 0.   0.  ]
[0.   2.43 2.36 2.3  2.26 2.23 2.2  2.17 2.14 2.18 2.25 2.26 2.26 2.24
 2.23 2.24 2.24 2.24 2.24 2.26 2.29 2.31 2.26 2.02 0.66 1.22 0.   0.  ]
[0.   2.43 2.36 2.3  2.26 2.21 2.19 2.16 2.14 2.17 2.27 2.26 2.26 2.24
 2.23 2.22 2.24 2.24 2.24 2.26 2.27 2.31 2.26 2.02 0.66 1.22 0.   0.  ]
[0.   2.41 2.35 2.3  2.25 2.21 2.19 2.16 2.14 0.   2.25 2.24 2.26 2.24
 2.23 2.22 2.22 2.24 2.24 2.26 2.27 2.29 2.26 2.03 0.67 1.22 0.   0.  ]
[0.   2.41 2.35 2.29 2.25 2.21 2.19 2.16 2.13 2.14 2.25 2.24 2.24 2.23
 2.23 2.21 2.22 2.22 2.23 2.24 2.27 2.29 2.27 2.03 0.67 1.22 0.   0.  ]
[0.   2.41 2.35 2.29 2.25 2.2  2.17 2.15 2.12 2.1  2.25 2.24 2.24 2.23
 2.22 2.21 2.21 2.22 2.23 2.23 2.26 2.28 2.3  2.06 0.68 1.21 0.   0.  ]
[0.   2.41 2.35 2.29 2.25 2.2  2.17 2.15 2.12 2.1  2.24 2.23 2.23 2.21
 2.22 2.2  2.19 2.21 2.22 2.21 2.24 2.28 2.32 2.09 0.68 1.2  0.   0.  ]
[0.   2.41 2.35 2.29 2.23 2.2  2.17 2.14 2.12 2.1  2.24 2.23 2.23 2.21
 2.2  2.2  2.19 2.21 2.22 2.21 2.23 2.26 2.32 2.1  0.69 1.2  0.   0.  ]
[0.   2.4  2.33 2.27 2.23 2.2  2.16 2.14 2.12 2.09 2.24 2.23 2.23 2.21
 2.2  2.18 2.19 2.2  2.2  2.2  2.23 2.26 2.3  2.12 0.7  1.19 0.   0.  ]
[0.   2.4  2.33 2.26 2.23 2.19 2.16 2.14 2.1  2.09 2.24 2.22 2.21 2.2
 2.19 2.18 2.19 2.18 2.19 2.2  2.22 2.25 2.26 2.14 0.71 1.19 0.   0.  ]
[0.   2.4  2.33 2.26 2.22 2.17 2.16 2.14 2.1  2.09 2.22 2.22 2.21 2.2
 2.19 2.18 2.18 2.18 2.19 2.2  2.22 2.24 2.26 2.15 0.71 1.18 0.   0.  ]
[0.   2.4  2.33 2.26 2.22 2.17 2.15 2.12 2.09 2.08 2.21 2.2  2.2  2.18
 2.17 2.17 2.17 2.17 2.17 2.19 2.2  2.22 2.25 2.17 0.72 1.18 0.   0.  ]
[0.   2.4  2.32 2.26 2.22 2.17 2.15 2.12 2.09 2.08 2.21 2.2  2.2  2.18
 2.17 2.17 2.17 2.17 2.17 2.19 2.2  2.22 2.25 2.17 0.72 1.17 0.   0.  ]
[0.   2.38 2.33 2.26 2.22 2.17 2.15 2.12 2.09 2.06 2.21 2.2  2.2  2.17
 2.17 2.15 2.15 2.17 2.17 2.17 2.19 2.22 2.23 2.2  0.72 1.17 0.   0.  ]
[0.   2.38 2.32 2.26 2.21 2.16 2.13 2.11 2.09 2.06 2.2  2.2  2.18 2.17
 2.16 2.15 2.15 2.17 2.16 2.17 2.18 2.21 2.23 2.22 0.73 1.16 0.   0.  ]
[0.   2.38 2.32 2.26 2.21 2.16 2.13 2.11 2.08 2.05 2.21 2.19 2.18 2.17
 2.16 2.14 2.14 2.15 2.16 2.16 2.18 2.21 2.22 2.24 0.74 1.16 0.   0.  ]
[0.   2.38 2.32 2.26 2.21 2.16 2.13 2.11 2.08 2.05 2.2  2.19 2.18 2.17
 2.16 2.14 2.14 2.15 2.15 2.16 2.18 2.2  2.22 2.25 0.74 1.16 0.   0.  ]
[0.   2.38 2.32 2.25 2.21 2.16 2.13 2.1  2.08 2.05 2.18 2.19 2.17 2.16
 2.15 2.14 2.14 2.14 2.15 2.16 2.18 2.2  2.21 2.26 0.75 1.15 0.   0.  ]
[0.   2.38 2.3  2.25 2.21 2.16 2.13 2.1  2.07 2.05 2.17 2.19 2.17 2.16
 2.15 2.14 2.14 2.14 2.14 2.15 2.16 2.18 2.21 2.28 0.75 1.15 0.   0.  ]
[0.   2.38 2.3  2.25 2.21 2.16 2.12 2.1  2.07 2.05 2.17 2.17 2.17 2.16
 2.15 2.13 2.14 2.14 2.14 2.13 2.16 2.18 2.19 2.26 0.76 1.15 0.   0.  ]
[0.   2.37 2.3  2.25 2.19 2.15 2.12 2.08 2.07 2.04 0.   2.17 2.17 2.14
 2.13 2.13 2.13 2.13 2.14 2.13 2.15 2.17 2.18 2.24 0.77 1.14 0.   0.  ]
[0.   2.37 2.29 2.25 2.19 2.15 2.11 2.08 2.05 2.04 0.   2.16 2.16 2.13
 2.12 2.11 2.11 2.12 2.12 2.12 2.14 2.17 2.18 2.21 0.78 1.13 0.   0.  ]
[0.   2.37 2.29 2.23 2.18 2.14 2.11 2.07 2.04 2.03 2.   2.15 2.14 2.13
 2.12 2.1  2.1  2.1  2.11 2.11 2.12 2.16 2.17 2.2  0.79 1.13 0.   0.  ]
[0.   2.37 2.29 2.23 2.18 2.14 2.11 2.07 2.04 2.01 2.   2.15 2.14 2.12
 2.11 2.1  2.1  2.1  2.1  2.11 2.12 2.14 2.16 2.2  0.79 1.12 0.   0.  ]
[0.   2.35 2.29 2.23 2.18 2.12 2.1  2.06 2.04 2.01 1.99 2.15 2.13 2.12
 2.11 2.09 2.09 2.09 2.09 2.1  2.11 2.13 2.16 2.19 0.8  1.12 0.   0.  ]
[0.   2.35 2.28 2.22 2.17 2.12 2.1  2.06 2.02 2.   1.99 2.13 2.12 2.1
 2.09 2.09 2.09 2.08 2.09 2.08 2.1  2.12 2.14 2.17 0.81 1.11 0.   0.  ]
[0.   2.34 2.28 2.22 2.17 2.12 2.08 2.05 2.02 2.   1.98 2.13 2.12 2.1
 2.09 2.08 2.08 2.08 2.07 2.08 2.09 2.12 2.13 2.16 0.81 1.11 0.   0.  ]
[0.   2.34 2.28 2.21 2.17 2.11 2.08 2.05 2.02 1.99 1.98 2.12 2.12 2.1
 2.08 2.08 2.08 2.07 2.07 2.07 2.09 2.11 2.13 2.16 0.82 1.11 0.   0.  ]
[0.   2.34 2.28 2.21 2.16 2.11 2.08 2.05 2.02 1.99 1.98 2.12 2.12 2.09
 2.08 2.06 2.06 2.07 2.07 2.07 2.07 2.11 2.12 2.15 0.82 1.1  0.   0.  ]
[0.   2.34 2.26 2.21 2.16 2.11 2.07 2.04 2.01 1.99 1.98 2.12 2.1  2.09
 2.07 2.06 2.06 2.07 2.07 2.06 2.07 2.1  2.12 2.15 0.82 1.1  0.   0.  ]
[0.   2.33 2.26 2.19 2.16 2.11 2.07 2.04 2.01 1.98 1.97 2.11 2.1  2.08
 2.07 2.05 2.05 2.07 2.06 2.06 2.07 2.1  2.11 2.14 0.83 1.09 0.   0.  ]
[0.   2.33 2.26 2.19 2.14 2.1  2.06 2.04 2.01 1.98 1.97 2.11 2.1  2.08
 2.07 2.05 2.05 2.05 2.05 2.06 2.07 2.08 2.11 2.14 0.84 1.09 0.   0.  ]
[0.   2.33 2.25 2.18 2.14 2.1  2.06 2.02 1.99 1.97 1.95 2.11 2.09 2.06
 2.06 2.04 2.04 2.04 2.04 2.05 2.06 2.08 2.1  2.12 0.84 1.09 0.   0.  ]
[0.   2.33 2.25 2.18 2.14 2.09 2.05 2.02 1.99 1.97 1.95 2.09 2.08 2.06
 2.06 2.04 2.04 2.04 2.04 2.05 2.06 2.07 2.08 2.11 0.85 1.08 0.   0.  ]
[0.   2.31 2.24 2.18 2.13 2.09 2.05 2.01 1.98 1.96 1.95 2.08 2.08 2.06
 2.04 2.04 2.03 2.03 2.04 2.03 2.04 2.06 2.08 2.1  0.85 1.08 0.   0.  ]
[0.   2.31 2.24 2.18 2.12 2.07 2.05 2.01 1.97 1.96 1.94 2.08 2.06 2.05
 2.03 2.03 2.03 2.02 2.02 2.03 2.03 2.05 2.07 2.09 0.86 1.07 0.   0.  ]
[0.   2.3  2.24 2.17 2.12 2.06 2.04 2.   1.97 1.95 1.92 2.07 2.06 2.04
 2.03 2.02 2.01 2.02 2.01 2.01 2.03 2.04 2.06 2.09 0.87 1.07 0.   0.  ]
[0.   2.3  2.22 2.16 2.11 2.06 2.02 1.99 1.96 1.94 1.91 2.07 2.05 2.03
 2.02 2.   1.99 2.01 2.   2.   2.02 2.03 2.05 2.07 0.88 1.06 0.   0.  ]
[0.   2.29 2.22 2.16 2.11 2.05 2.01 1.98 1.95 1.94 1.91 2.04 2.04 2.03
 2.01 1.99 1.99 1.99 1.99 2.   2.01 2.03 2.04 2.06 0.89 1.06 0.   0.  ]
[0.   2.29 2.21 2.14 2.09 2.05 2.   1.98 1.94 1.91 1.9  0.   2.03 2.02
 2.   1.99 1.98 1.98 1.98 1.98 1.98 2.01 2.02 2.04 0.91 1.05 0.   0.  ]
[0.   2.27 2.2  2.13 2.08 2.04 2.   1.97 1.93 1.9  1.89 0.   2.02 2.
 1.99 1.98 1.97 1.97 1.97 1.97 1.98 1.99 2.02 2.03 0.92 1.04 0.   0.  ]
[0.   2.27 2.2  2.13 2.08 2.04 2.   1.96 1.93 1.9  1.88 0.   2.02 1.99
 1.99 1.97 1.96 1.96 1.96 1.96 1.97 1.98 2.01 2.02 0.93 1.04 0.   0.  ]
[0.   2.27 2.18 2.13 2.07 2.03 1.99 1.96 1.92 1.9  1.87 1.88 2.   1.99
 1.97 1.96 1.96 1.95 1.95 1.96 1.96 1.98 1.98 2.01 0.94 1.03 0.   0.  ]
[0.   2.26 2.18 2.12 2.07 2.02 1.99 1.95 1.92 1.89 1.86 1.86 1.99 1.98
 1.97 1.95 1.95 1.94 1.95 1.94 1.95 1.97 1.97 2.   0.95 1.03 0.   0.  ]
[0.   2.26 2.18 2.12 2.06 2.02 1.98 1.95 1.91 1.88 1.85 1.86 1.99 1.97
 1.96 1.95 1.95 1.93 1.94 1.94 1.94 1.96 1.97 1.99 0.96 1.02 0.   0.  ]
[0.   2.25 2.17 2.11 2.06 2.02 1.97 1.93 1.9  1.87 1.85 1.84 1.98 1.97
 1.95 1.94 1.92 1.93 1.93 1.93 1.94 1.95 1.96 1.98 0.96 1.02 0.   0.  ]
[0.   2.25 2.17 2.09 2.05 2.   1.96 1.92 1.89 1.87 1.85 1.84 1.98 1.96
 1.94 1.92 1.91 1.92 1.91 1.92 1.93 1.94 1.95 1.97 0.98 1.01 0.   0.  ]
[0.   2.23 2.16 2.09 2.05 1.99 1.96 1.92 1.89 1.86 1.84 1.83 1.97 1.95
 1.93 1.91 1.91 1.92 1.9  1.91 1.91 1.93 1.94 1.96 0.99 1.   0.   0.  ]
[0.   2.23 2.16 2.09 2.04 1.98 1.96 1.91 1.88 1.85 1.83 1.82 1.96 1.95
 1.93 1.9  1.9  1.9  1.9  1.9  1.9  1.92 1.93 1.95 1.   1.   0.   0.  ]